station,station_key,reach_id,terminal_tree_id,year,month,tn_mg_l,downstream_fraction_on_reach,lon,lat,observation_product,quality_flags,prepared_source_file,prepared_source_row,source_provenance_tier,raw_workbook_record_link_status,primary_gate,primary_exclusion_reason,observation_id,original_primary_gate,station_type,boundary_evidence,reservoir_index,observation_operator,sampling_date_status,global_reach_id,evaluation_component,benchmark_group
上金,上金,7,20,2024,1,1.18,0.9176925320781872,107.0038,22.304,formal_2016_2024,[],E:\SPARROW\0_water_quality\data\preprocess\csv\上金.csv,98.0,prepared_authoritative_station_csv,missing_section_code_and_raw_row_link,True,,363,True,ordinary_internal,registered reach geometry; frozen river-domain eligibility,-1,registered_monthly_flux_weighted_baseline,month_only_unverified_aggregation,108,113,Mianjiang_extreme
上金,上金,7,20,2024,2,1.3,0.9176925320781872,107.0038,22.304,formal_2016_2024,[],E:\SPARROW\0_water_quality\data\preprocess\csv\上金.csv,99.0,prepared_authoritative_station_csv,missing_section_code_and_raw_row_link,True,,364,True,ordinary_internal,registered reach geometry; frozen river-domain eligibility,-1,registered_monthly_flux_weighted_baseline,month_only_unverified_aggregation,108,113,Mianjiang_extreme
上金,上金,7,20,2024,3,1.04,0.9176925320781872,107.0038,22.304,formal_2016_2024,[],E:\SPARROW\0_water_quality\data\preprocess\csv\上金.csv,100.0,prepared_authoritative_station_csv,missing_section_code_and_raw_row_link,True,,365,True,ordinary_internal,registered reach geometry; frozen river-domain eligibility,-1,registered_monthly_flux_weighted_baseline,month_only_unverified_aggregation,108,113,Mianjiang_extreme
上金,上金,7,20,2024,4,0.89,0.9176925320781872,107.0038,22.304,formal_2016_2024,[],E:\SPARROW\0_water_quality\data\preprocess\csv\上金.csv,101.0,prepared_authoritative_station_csv,missing_section_code_and_raw_row_link,True,,366,True,ordinary_internal,registered reach geometry; frozen river-domain eligibility,-1,registered_monthly_flux_weighted_baseline,month_only_unverified_aggregation,108,113,Mianjiang_extreme
上金,上金,7,20,2024,5,2.5,0.9176925320781872,107.0038,22.304,formal_2016_2024,[],E:\SPARROW\0_water_quality\data\preprocess\csv\上金.csv,102.0,prepared_authoritative_station_csv,missing_section_code_and_raw_row_link,True,,367,True,ordinary_internal,registered reach geometry; frozen river-domain eligibility,-1,registered_monthly_flux_weighted_baseline,month_only_unverified_aggregation,108,113,Mianjiang_extreme
上金,上金,7,20,2024,6,2.46,0.9176925320781872,107.0038,22.304,formal_2016_2024,[],E:\SPARROW\0_water_quality\data\preprocess\csv\上金.csv,103.0,prepared_authoritative_station_csv,missing_section_code_and_raw_row_link,True,,368,True,ordinary_internal,registered reach geometry; frozen river-domain eligibility,-1,registered_monthly_flux_weighted_baseline,month_only_unverified_aggregation,108,113,Mianjiang_extreme
上金,上金,7,20,2024,7,2.4,0.9176925320781872,107.0038,22.304,formal_2016_2024,[],E:\SPARROW\0_water_quality\data\preprocess\csv\上金.csv,104.0,prepared_authoritative_station_csv,missing_section_code_and_raw_row_link,True,,369,True,ordinary_internal,registered reach geometry; frozen river-domain eligibility,-1,registered_monthly_flux_weighted_baseline,month_only_unverified_aggregation,108,113,Mianjiang_extreme
上金,上金,7,20,2024,8,1.74,0.9176925320781872,107.0038,22.304,formal_2016_2024,[],E:\SPARROW\0_water_quality\data\preprocess\csv\上金.csv,105.0,prepared_authoritative_station_csv,missing_section_code_and_raw_row_link,True,,370,True,ordinary_internal,registered reach geometry; frozen river-domain eligibility,-1,registered_monthly_flux_weighted_baseline,month_only_unverified_aggregation,108,113,Mianjiang_extreme
上金,上金,7,20,2024,9,1.94,0.9176925320781872,107.0038,22.304,formal_2016_2024,[],E:\SPARROW\0_water_quality\data\preprocess\csv\上金.csv,106.0,prepared_authoritative_station_csv,missing_section_code_and_raw_row_link,True,,371,True,ordinary_internal,registered reach geometry; frozen river-domain eligibility,-1,registered_monthly_flux_weighted_baseline,month_only_unverified_aggregation,108,113,Mianjiang_extreme
上金,上金,7,20,2024,10,1.86,0.9176925320781872,107.0038,22.304,formal_2016_2024,[],E:\SPARROW\0_water_quality\data\preprocess\csv\上金.csv,107.0,prepared_authoritative_station_csv,missing_section_code_and_raw_row_link,True,,372,True,ordinary_internal,registered reach geometry; frozen river-domain eligibility,-1,registered_monthly_flux_weighted_baseline,month_only_unverified_aggregation,108,113,Mianjiang_extreme
上金,上金,7,20,2024,11,1.29,0.9176925320781872,107.0038,22.304,formal_2016_2024,[],E:\SPARROW\0_water_quality\data\preprocess\csv\上金.csv,108.0,prepared_authoritative_station_csv,missing_section_code_and_raw_row_link,True,,373,True,ordinary_internal,registered reach geometry; frozen river-domain eligibility,-1,registered_monthly_flux_weighted_baseline,month_only_unverified_aggregation,108,113,Mianjiang_extreme
上金,上金,7,20,2024,12,1.2,0.9176925320781872,107.0038,22.304,formal_2016_2024,[],E:\SPARROW\0_water_quality\data\preprocess\csv\上金.csv,109.0,prepared_authoritative_station_csv,missing_section_code_and_raw_row_link,True,,374,True,ordinary_internal,registered reach geometry; frozen river-domain eligibility,-1,registered_monthly_flux_weighted_baseline,month_only_unverified_aggregation,108,113,Mianjiang_extreme
九甸大桥,九甸大桥,14,20,2024,1,5.35,0.9842458902811517,103.0997,24.2006,formal_2016_2024,[],E:\SPARROW\0_water_quality\data\preprocess\csv\九甸大桥.csv,98.0,prepared_authoritative_station_csv,missing_section_code_and_raw_row_link,True,,610,True,ordinary_internal,registered reach geometry; frozen river-domain eligibility,-1,registered_monthly_flux_weighted_baseline,month_only_unverified_aggregation,158,193,sustained_high_TN
九甸大桥,九甸大桥,14,20,2024,2,4.63,0.9842458902811517,103.0997,24.2006,formal_2016_2024,[],E:\SPARROW\0_water_quality\data\preprocess\csv\九甸大桥.csv,99.0,prepared_authoritative_station_csv,missing_section_code_and_raw_row_link,True,,611,True,ordinary_internal,registered reach geometry; frozen river-domain eligibility,-1,registered_monthly_flux_weighted_baseline,month_only_unverified_aggregation,158,193,sustained_high_TN
九甸大桥,九甸大桥,14,20,2024,3,4.45,0.9842458902811517,103.0997,24.2006,formal_2016_2024,[],E:\SPARROW\0_water_quality\data\preprocess\csv\九甸大桥.csv,100.0,prepared_authoritative_station_csv,missing_section_code_and_raw_row_link,True,,612,True,ordinary_internal,registered reach geometry; frozen river-domain eligibility,-1,registered_monthly_flux_weighted_baseline,month_only_unverified_aggregation,158,193,sustained_high_TN
九甸大桥,九甸大桥,14,20,2024,4,8.45,0.9842458902811517,103.0997,24.2006,formal_2016_2024,[],E:\SPARROW\0_water_quality\data\preprocess\csv\九甸大桥.csv,101.0,prepared_authoritative_station_csv,missing_section_code_and_raw_row_link,True,,613,True,ordinary_internal,registered reach geometry; frozen river-domain eligibility,-1,registered_monthly_flux_weighted_baseline,month_only_unverified_aggregation,158,193,sustained_high_TN
九甸大桥,九甸大桥,14,20,2024,5,5.14,0.9842458902811517,103.0997,24.2006,formal_2016_2024,[],E:\SPARROW\0_water_quality\data\preprocess\csv\九甸大桥.csv,102.0,prepared_authoritative_station_csv,missing_section_code_and_raw_row_link,True,,614,True,ordinary_internal,registered reach geometry; frozen river-domain eligibility,-1,registered_monthly_flux_weighted_baseline,month_only_unverified_aggregation,158,193,sustained_high_TN
九甸大桥,九甸大桥,14,20,2024,6,7.64,0.9842458902811517,103.0997,24.2006,formal_2016_2024,[],E:\SPARROW\0_water_quality\data\preprocess\csv\九甸大桥.csv,103.0,prepared_authoritative_station_csv,missing_section_code_and_raw_row_link,True,,615,True,ordinary_internal,registered reach geometry; frozen river-domain eligibility,-1,registered_monthly_flux_weighted_baseline,month_only_unverified_aggregation,158,193,sustained_high_TN
九甸大桥,九甸大桥,14,20,2024,7,6.58,0.9842458902811517,103.0997,24.2006,formal_2016_2024,[],E:\SPARROW\0_water_quality\data\preprocess\csv\九甸大桥.csv,104.0,prepared_authoritative_station_csv,missing_section_code_and_raw_row_link,True,,616,True,ordinary_internal,registered reach geometry; frozen river-domain eligibility,-1,registered_monthly_flux_weighted_baseline,month_only_unverified_aggregation,158,193,sustained_high_TN
九甸大桥,九甸大桥,14,20,2024,8,6.52,0.9842458902811517,103.0997,24.2006,formal_2016_2024,[],E:\SPARROW\0_water_quality\data\preprocess\csv\九甸大桥.csv,105.0,prepared_authoritative_station_csv,missing_section_code_and_raw_row_link,True,,617,True,ordinary_internal,registered reach geometry; frozen river-domain eligibility,-1,registered_monthly_flux_weighted_baseline,month_only_unverified_aggregation,158,193,sustained_high_TN
九甸大桥,九甸大桥,14,20,2024,9,6.67,0.9842458902811517,103.0997,24.2006,formal_2016_2024,[],E:\SPARROW\0_water_quality\data\preprocess\csv\九甸大桥.csv,106.0,prepared_authoritative_station_csv,missing_section_code_and_raw_row_link,True,,618,True,ordinary_internal,registered reach geometry; frozen river-domain eligibility,-1,registered_monthly_flux_weighted_baseline,month_only_unverified_aggregation,158,193,sustained_high_TN
九甸大桥,九甸大桥,14,20,2024,10,6.5,0.9842458902811517,103.0997,24.2006,formal_2016_2024,[],E:\SPARROW\0_water_quality\data\preprocess\csv\九甸大桥.csv,107.0,prepared_authoritative_station_csv,missing_section_code_and_raw_row_link,True,,619,True,ordinary_internal,registered reach geometry; frozen river-domain eligibility,-1,registered_monthly_flux_weighted_baseline,month_only_unverified_aggregation,158,193,sustained_high_TN
九甸大桥,九甸大桥,14,20,2024,11,6.89,0.9842458902811517,103.0997,24.2006,formal_2016_2024,[],E:\SPARROW\0_water_quality\data\preprocess\csv\九甸大桥.csv,108.0,prepared_authoritative_station_csv,missing_section_code_and_raw_row_link,True,,620,True,ordinary_internal,registered reach geometry; frozen river-domain eligibility,-1,registered_monthly_flux_weighted_baseline,month_only_unverified_aggregation,158,193,sustained_high_TN
九甸大桥,九甸大桥,14,20,2024,12,6.75,0.9842458902811517,103.0997,24.2006,formal_2016_2024,[],E:\SPARROW\0_water_quality\data\preprocess\csv\九甸大桥.csv,109.0,prepared_authoritative_station_csv,missing_section_code_and_raw_row_link,True,,621,True,ordinary_internal,registered reach geometry; frozen river-domain eligibility,-1,registered_monthly_flux_weighted_baseline,month_only_unverified_aggregation,158,193,sustained_high_TN
五马岗,五马岗,4,26,2024,1,2.0,0.9276374208170407,112.7671,23.2925,formal_2016_2024,[],E:\SPARROW\0_water_quality\data\preprocess\csv\五马岗.csv,98.0,prepared_authoritative_station_csv,missing_section_code_and_raw_row_link,True,,682,True,ordinary_internal,registered reach geometry; frozen river-domain eligibility,-1,registered_monthly_flux_weighted_baseline,month_only_unverified_aggregation,26,26,new_small_basins
五马岗,五马岗,4,26,2024,4,1.63,0.9276374208170407,112.7671,23.2925,formal_2016_2024,[],E:\SPARROW\0_water_quality\data\preprocess\csv\五马岗.csv,101.0,prepared_authoritative_station_csv,missing_section_code_and_raw_row_link,True,,683,True,ordinary_internal,registered reach geometry; frozen river-domain eligibility,-1,registered_monthly_flux_weighted_baseline,month_only_unverified_aggregation,26,26,new_small_basins
五马岗,五马岗,4,26,2024,7,0.98,0.9276374208170407,112.7671,23.2925,formal_2016_2024,[],E:\SPARROW\0_water_quality\data\preprocess\csv\五马岗.csv,104.0,prepared_authoritative_station_csv,missing_section_code_and_raw_row_link,True,,684,True,ordinary_internal,registered reach geometry; frozen river-domain eligibility,-1,registered_monthly_flux_weighted_baseline,month_only_unverified_aggregation,26,26,new_small_basins
五马岗,五马岗,4,26,2024,10,1.46,0.9276374208170407,112.7671,23.2925,formal_2016_2024,[],E:\SPARROW\0_water_quality\data\preprocess\csv\五马岗.csv,107.0,prepared_authoritative_station_csv,missing_section_code_and_raw_row_link,True,,685,True,ordinary_internal,registered reach geometry; frozen river-domain eligibility,-1,registered_monthly_flux_weighted_baseline,month_only_unverified_aggregation,26,26,new_small_basins
八角电站,八角电站,9,20,2024,1,1.13,0.016529536758969465,106.5805,22.4671,formal_2016_2024,[],E:\SPARROW\0_water_quality\data\preprocess\csv\八角电站.csv,98.0,prepared_authoritative_station_csv,missing_section_code_and_raw_row_link,True,,1062,True,ordinary_internal,registered reach geometry; frozen river-domain eligibility,-1,registered_monthly_flux_weighted_baseline,month_only_unverified_aggregation,122,113,Mianjiang_extreme
八角电站,八角电站,9,20,2024,4,1.08,0.016529536758969465,106.5805,22.4671,formal_2016_2024,[],E:\SPARROW\0_water_quality\data\preprocess\csv\八角电站.csv,101.0,prepared_authoritative_station_csv,missing_section_code_and_raw_row_link,True,,1063,True,ordinary_internal,registered reach geometry; frozen river-domain eligibility,-1,registered_monthly_flux_weighted_baseline,month_only_unverified_aggregation,122,113,Mianjiang_extreme
八角电站,八角电站,9,20,2024,7,1.0,0.016529536758969465,106.5805,22.4671,formal_2016_2024,[],E:\SPARROW\0_water_quality\data\preprocess\csv\八角电站.csv,104.0,prepared_authoritative_station_csv,missing_section_code_and_raw_row_link,True,,1064,True,ordinary_internal,registered reach geometry; frozen river-domain eligibility,-1,registered_monthly_flux_weighted_baseline,month_only_unverified_aggregation,122,113,Mianjiang_extreme
八角电站,八角电站,9,20,2024,10,0.72,0.016529536758969465,106.5805,22.4671,formal_2016_2024,[],E:\SPARROW\0_water_quality\data\preprocess\csv\八角电站.csv,107.0,prepared_authoritative_station_csv,missing_section_code_and_raw_row_link,True,,1065,True,ordinary_internal,registered reach geometry; frozen river-domain eligibility,-1,registered_monthly_flux_weighted_baseline,month_only_unverified_aggregation,122,113,Mianjiang_extreme
公庄河口（泰美）,公庄河口(泰美),1,23,2024,1,2.62,0.9488009577220332,114.484,23.3414,formal_2016_2024,[],E:\SPARROW\0_water_quality\data\preprocess\csv\公庄河口（泰美）.csv,98.0,prepared_authoritative_station_csv,missing_section_code_and_raw_row_link,True,,1106,True,ordinary_internal,registered reach geometry; frozen river-domain eligibility,-1,registered_monthly_flux_weighted_baseline,month_only_unverified_aggregation,23,23,new_small_basins
公庄河口（泰美）,公庄河口(泰美),1,23,2024,2,1.83,0.9488009577220332,114.484,23.3414,formal_2016_2024,[],E:\SPARROW\0_water_quality\data\preprocess\csv\公庄河口（泰美）.csv,99.0,prepared_authoritative_station_csv,missing_section_code_and_raw_row_link,True,,1107,True,ordinary_internal,registered reach geometry; frozen river-domain eligibility,-1,registered_monthly_flux_weighted_baseline,month_only_unverified_aggregation,23,23,new_small_basins
公庄河口（泰美）,公庄河口(泰美),1,23,2024,3,2.91,0.9488009577220332,114.484,23.3414,formal_2016_2024,[],E:\SPARROW\0_water_quality\data\preprocess\csv\公庄河口（泰美）.csv,100.0,prepared_authoritative_station_csv,missing_section_code_and_raw_row_link,True,,1108,True,ordinary_internal,registered reach geometry; frozen river-domain eligibility,-1,registered_monthly_flux_weighted_baseline,month_only_unverified_aggregation,23,23,new_small_basins
公庄河口（泰美）,公庄河口(泰美),1,23,2024,4,2.07,0.9488009577220332,114.484,23.3414,formal_2016_2024,[],E:\SPARROW\0_water_quality\data\preprocess\csv\公庄河口（泰美）.csv,101.0,prepared_authoritative_station_csv,missing_section_code_and_raw_row_link,True,,1109,True,ordinary_internal,registered reach geometry; frozen river-domain eligibility,-1,registered_monthly_flux_weighted_baseline,month_only_unverified_aggregation,23,23,new_small_basins
公庄河口（泰美）,公庄河口(泰美),1,23,2024,5,1.28,0.9488009577220332,114.484,23.3414,formal_2016_2024,[],E:\SPARROW\0_water_quality\data\preprocess\csv\公庄河口（泰美）.csv,102.0,prepared_authoritative_station_csv,missing_section_code_and_raw_row_link,True,,1110,True,ordinary_internal,registered reach geometry; frozen river-domain eligibility,-1,registered_monthly_flux_weighted_baseline,month_only_unverified_aggregation,23,23,new_small_basins
公庄河口（泰美）,公庄河口(泰美),1,23,2024,6,1.08,0.9488009577220332,114.484,23.3414,formal_2016_2024,[],E:\SPARROW\0_water_quality\data\preprocess\csv\公庄河口（泰美）.csv,103.0,prepared_authoritative_station_csv,missing_section_code_and_raw_row_link,True,,1111,True,ordinary_internal,registered reach geometry; frozen river-domain eligibility,-1,registered_monthly_flux_weighted_baseline,month_only_unverified_aggregation,23,23,new_small_basins
公庄河口（泰美）,公庄河口(泰美),1,23,2024,7,1.25,0.9488009577220332,114.484,23.3414,formal_2016_2024,[],E:\SPARROW\0_water_quality\data\preprocess\csv\公庄河口（泰美）.csv,104.0,prepared_authoritative_station_csv,missing_section_code_and_raw_row_link,True,,1112,True,ordinary_internal,registered reach geometry; frozen river-domain eligibility,-1,registered_monthly_flux_weighted_baseline,month_only_unverified_aggregation,23,23,new_small_basins
公庄河口（泰美）,公庄河口(泰美),1,23,2024,8,1.25,0.9488009577220332,114.484,23.3414,formal_2016_2024,[],E:\SPARROW\0_water_quality\data\preprocess\csv\公庄河口（泰美）.csv,105.0,prepared_authoritative_station_csv,missing_section_code_and_raw_row_link,True,,1113,True,ordinary_internal,registered reach geometry; frozen river-domain eligibility,-1,registered_monthly_flux_weighted_baseline,month_only_unverified_aggregation,23,23,new_small_basins
公庄河口（泰美）,公庄河口(泰美),1,23,2024,9,1.6,0.9488009577220332,114.484,23.3414,formal_2016_2024,[],E:\SPARROW\0_water_quality\data\preprocess\csv\公庄河口（泰美）.csv,106.0,prepared_authoritative_station_csv,missing_section_code_and_raw_row_link,True,,1114,True,ordinary_internal,registered reach geometry; frozen river-domain eligibility,-1,registered_monthly_flux_weighted_baseline,month_only_unverified_aggregation,23,23,new_small_basins
公庄河口（泰美）,公庄河口(泰美),1,23,2024,10,1.81,0.9488009577220332,114.484,23.3414,formal_2016_2024,[],E:\SPARROW\0_water_quality\data\preprocess\csv\公庄河口（泰美）.csv,107.0,prepared_authoritative_station_csv,missing_section_code_and_raw_row_link,True,,1115,True,ordinary_internal,registered reach geometry; frozen river-domain eligibility,-1,registered_monthly_flux_weighted_baseline,month_only_unverified_aggregation,23,23,new_small_basins
公庄河口（泰美）,公庄河口(泰美),1,23,2024,11,2.67,0.9488009577220332,114.484,23.3414,formal_2016_2024,[],E:\SPARROW\0_water_quality\data\preprocess\csv\公庄河口（泰美）.csv,108.0,prepared_authoritative_station_csv,missing_section_code_and_raw_row_link,True,,1116,True,ordinary_internal,registered reach geometry; frozen river-domain eligibility,-1,registered_monthly_flux_weighted_baseline,month_only_unverified_aggregation,23,23,new_small_basins
公庄河口（泰美）,公庄河口(泰美),1,23,2024,12,2.65,0.9488009577220332,114.484,23.3414,formal_2016_2024,[],E:\SPARROW\0_water_quality\data\preprocess\csv\公庄河口（泰美）.csv,109.0,prepared_authoritative_station_csv,missing_section_code_and_raw_row_link,True,,1117,True,ordinary_internal,registered reach geometry; frozen river-domain eligibility,-1,registered_monthly_flux_weighted_baseline,month_only_unverified_aggregation,23,23,new_small_basins
天生桥,天生桥,16,20,2024,1,4.92,0.5002882049724315,103.4929,24.9373,formal_2016_2024,[],E:\SPARROW\0_water_quality\data\preprocess\csv\天生桥.csv,98.0,prepared_authoritative_station_csv,missing_section_code_and_raw_row_link,True,,3040,True,ordinary_internal,registered reach geometry; frozen river-domain eligibility,-1,registered_monthly_flux_weighted_baseline,month_only_unverified_aggregation,190,193,sustained_high_TN
天生桥,天生桥,16,20,2024,2,6.89,0.5002882049724315,103.4929,24.9373,formal_2016_2024,[],E:\SPARROW\0_water_quality\data\preprocess\csv\天生桥.csv,99.0,prepared_authoritative_station_csv,missing_section_code_and_raw_row_link,True,,3041,True,ordinary_internal,registered reach geometry; frozen river-domain eligibility,-1,registered_monthly_flux_weighted_baseline,month_only_unverified_aggregation,190,193,sustained_high_TN
天生桥,天生桥,16,20,2024,3,6.13,0.5002882049724315,103.4929,24.9373,formal_2016_2024,[],E:\SPARROW\0_water_quality\data\preprocess\csv\天生桥.csv,100.0,prepared_authoritative_station_csv,missing_section_code_and_raw_row_link,True,,3042,True,ordinary_internal,registered reach geometry; frozen river-domain eligibility,-1,registered_monthly_flux_weighted_baseline,month_only_unverified_aggregation,190,193,sustained_high_TN
天生桥,天生桥,16,20,2024,4,3.99,0.5002882049724315,103.4929,24.9373,formal_2016_2024,[],E:\SPARROW\0_water_quality\data\preprocess\csv\天生桥.csv,101.0,prepared_authoritative_station_csv,missing_section_code_and_raw_row_link,True,,3043,True,ordinary_internal,registered reach geometry; frozen river-domain eligibility,-1,registered_monthly_flux_weighted_baseline,month_only_unverified_aggregation,190,193,sustained_high_TN
天生桥,天生桥,16,20,2024,5,7.08,0.5002882049724315,103.4929,24.9373,formal_2016_2024,[],E:\SPARROW\0_water_quality\data\preprocess\csv\天生桥.csv,102.0,prepared_authoritative_station_csv,missing_section_code_and_raw_row_link,True,,3044,True,ordinary_internal,registered reach geometry; frozen river-domain eligibility,-1,registered_monthly_flux_weighted_baseline,month_only_unverified_aggregation,190,193,sustained_high_TN
天生桥,天生桥,16,20,2024,6,10.25,0.5002882049724315,103.4929,24.9373,formal_2016_2024,[],E:\SPARROW\0_water_quality\data\preprocess\csv\天生桥.csv,103.0,prepared_authoritative_station_csv,missing_section_code_and_raw_row_link,True,,3045,True,ordinary_internal,registered reach geometry; frozen river-domain eligibility,-1,registered_monthly_flux_weighted_baseline,month_only_unverified_aggregation,190,193,sustained_high_TN
天生桥,天生桥,16,20,2024,7,6.5,0.5002882049724315,103.4929,24.9373,formal_2016_2024,[],E:\SPARROW\0_water_quality\data\preprocess\csv\天生桥.csv,104.0,prepared_authoritative_station_csv,missing_section_code_and_raw_row_link,True,,3046,True,ordinary_internal,registered reach geometry; frozen river-domain eligibility,-1,registered_monthly_flux_weighted_baseline,month_only_unverified_aggregation,190,193,sustained_high_TN
天生桥,天生桥,16,20,2024,8,7.8,0.5002882049724315,103.4929,24.9373,formal_2016_2024,[],E:\SPARROW\0_water_quality\data\preprocess\csv\天生桥.csv,105.0,prepared_authoritative_station_csv,missing_section_code_and_raw_row_link,True,,3047,True,ordinary_internal,registered reach geometry; frozen river-domain eligibility,-1,registered_monthly_flux_weighted_baseline,month_only_unverified_aggregation,190,193,sustained_high_TN
天生桥,天生桥,16,20,2024,9,6.83,0.5002882049724315,103.4929,24.9373,formal_2016_2024,[],E:\SPARROW\0_water_quality\data\preprocess\csv\天生桥.csv,106.0,prepared_authoritative_station_csv,missing_section_code_and_raw_row_link,True,,3048,True,ordinary_internal,registered reach geometry; frozen river-domain eligibility,-1,registered_monthly_flux_weighted_baseline,month_only_unverified_aggregation,190,193,sustained_high_TN
天生桥,天生桥,16,20,2024,10,8.56,0.5002882049724315,103.4929,24.9373,formal_2016_2024,[],E:\SPARROW\0_water_quality\data\preprocess\csv\天生桥.csv,107.0,prepared_authoritative_station_csv,missing_section_code_and_raw_row_link,True,,3049,True,ordinary_internal,registered reach geometry; frozen river-domain eligibility,-1,registered_monthly_flux_weighted_baseline,month_only_unverified_aggregation,190,193,sustained_high_TN
天生桥,天生桥,16,20,2024,11,6.22,0.5002882049724315,103.4929,24.9373,formal_2016_2024,[],E:\SPARROW\0_water_quality\data\preprocess\csv\天生桥.csv,108.0,prepared_authoritative_station_csv,missing_section_code_and_raw_row_link,True,,3050,True,ordinary_internal,registered reach geometry; frozen river-domain eligibility,-1,registered_monthly_flux_weighted_baseline,month_only_unverified_aggregation,190,193,sustained_high_TN
天生桥,天生桥,16,20,2024,12,5.82,0.5002882049724315,103.4929,24.9373,formal_2016_2024,[],E:\SPARROW\0_water_quality\data\preprocess\csv\天生桥.csv,109.0,prepared_authoritative_station_csv,missing_section_code_and_raw_row_link,True,,3051,True,ordinary_internal,registered reach geometry; frozen river-domain eligibility,-1,registered_monthly_flux_weighted_baseline,month_only_unverified_aggregation,190,193,sustained_high_TN
平而关,平而关,8,20,2024,1,0.93,0.0659876883115487,106.7032,22.2183,formal_2016_2024,[],E:\SPARROW\0_water_quality\data\preprocess\csv\平而关.csv,98.0,prepared_authoritative_station_csv,missing_section_code_and_raw_row_link,True,,3592,True,ordinary_internal,registered reach geometry; frozen river-domain eligibility,-1,registered_monthly_flux_weighted_baseline,month_only_unverified_aggregation,111,113,Mianjiang_extreme
平而关,平而关,8,20,2024,4,0.95,0.0659876883115487,106.7032,22.2183,formal_2016_2024,[],E:\SPARROW\0_water_quality\data\preprocess\csv\平而关.csv,101.0,prepared_authoritative_station_csv,missing_section_code_and_raw_row_link,True,,3593,True,ordinary_internal,registered reach geometry; frozen river-domain eligibility,-1,registered_monthly_flux_weighted_baseline,month_only_unverified_aggregation,111,113,Mianjiang_extreme
平而关,平而关,8,20,2024,7,0.99,0.0659876883115487,106.7032,22.2183,formal_2016_2024,[],E:\SPARROW\0_water_quality\data\preprocess\csv\平而关.csv,104.0,prepared_authoritative_station_csv,missing_section_code_and_raw_row_link,True,,3594,True,ordinary_internal,registered reach geometry; frozen river-domain eligibility,-1,registered_monthly_flux_weighted_baseline,month_only_unverified_aggregation,111,113,Mianjiang_extreme
平而关,平而关,8,20,2024,10,0.68,0.0659876883115487,106.7032,22.2183,formal_2016_2024,[],E:\SPARROW\0_water_quality\data\preprocess\csv\平而关.csv,107.0,prepared_authoritative_station_csv,missing_section_code_and_raw_row_link,True,,3595,True,ordinary_internal,registered reach geometry; frozen river-domain eligibility,-1,registered_monthly_flux_weighted_baseline,month_only_unverified_aggregation,111,113,Mianjiang_extreme
打邦,打邦,29,20,2024,1,2.81,0.8017217901380611,105.7697,25.7311,formal_2016_2024,[],E:\SPARROW\0_water_quality\data\preprocess\csv\打邦.csv,98.0,prepared_authoritative_station_csv,missing_section_code_and_raw_row_link,True,,3986,True,ordinary_internal,registered reach geometry; frozen river-domain eligibility,-1,registered_monthly_flux_weighted_baseline,month_only_unverified_aggregation,225,225,sustained_high_TN
打邦,打邦,29,20,2024,2,2.68,0.8017217901380611,105.7697,25.7311,formal_2016_2024,[],E:\SPARROW\0_water_quality\data\preprocess\csv\打邦.csv,99.0,prepared_authoritative_station_csv,missing_section_code_and_raw_row_link,True,,3987,True,ordinary_internal,registered reach geometry; frozen river-domain eligibility,-1,registered_monthly_flux_weighted_baseline,month_only_unverified_aggregation,225,225,sustained_high_TN
打邦,打邦,29,20,2024,3,2.4,0.8017217901380611,105.7697,25.7311,formal_2016_2024,[],E:\SPARROW\0_water_quality\data\preprocess\csv\打邦.csv,100.0,prepared_authoritative_station_csv,missing_section_code_and_raw_row_link,True,,3988,True,ordinary_internal,registered reach geometry; frozen river-domain eligibility,-1,registered_monthly_flux_weighted_baseline,month_only_unverified_aggregation,225,225,sustained_high_TN
打邦,打邦,29,20,2024,4,1.65,0.8017217901380611,105.7697,25.7311,formal_2016_2024,[],E:\SPARROW\0_water_quality\data\preprocess\csv\打邦.csv,101.0,prepared_authoritative_station_csv,missing_section_code_and_raw_row_link,True,,3989,True,ordinary_internal,registered reach geometry; frozen river-domain eligibility,-1,registered_monthly_flux_weighted_baseline,month_only_unverified_aggregation,225,225,sustained_high_TN
打邦,打邦,29,20,2024,5,1.87,0.8017217901380611,105.7697,25.7311,formal_2016_2024,[],E:\SPARROW\0_water_quality\data\preprocess\csv\打邦.csv,102.0,prepared_authoritative_station_csv,missing_section_code_and_raw_row_link,True,,3990,True,ordinary_internal,registered reach geometry; frozen river-domain eligibility,-1,registered_monthly_flux_weighted_baseline,month_only_unverified_aggregation,225,225,sustained_high_TN
打邦,打邦,29,20,2024,6,4.2,0.8017217901380611,105.7697,25.7311,formal_2016_2024,[],E:\SPARROW\0_water_quality\data\preprocess\csv\打邦.csv,103.0,prepared_authoritative_station_csv,missing_section_code_and_raw_row_link,True,,3991,True,ordinary_internal,registered reach geometry; frozen river-domain eligibility,-1,registered_monthly_flux_weighted_baseline,month_only_unverified_aggregation,225,225,sustained_high_TN
打邦,打邦,29,20,2024,7,3.41,0.8017217901380611,105.7697,25.7311,formal_2016_2024,[],E:\SPARROW\0_water_quality\data\preprocess\csv\打邦.csv,104.0,prepared_authoritative_station_csv,missing_section_code_and_raw_row_link,True,,3992,True,ordinary_internal,registered reach geometry; frozen river-domain eligibility,-1,registered_monthly_flux_weighted_baseline,month_only_unverified_aggregation,225,225,sustained_high_TN
打邦,打邦,29,20,2024,8,2.53,0.8017217901380611,105.7697,25.7311,formal_2016_2024,[],E:\SPARROW\0_water_quality\data\preprocess\csv\打邦.csv,105.0,prepared_authoritative_station_csv,missing_section_code_and_raw_row_link,True,,3993,True,ordinary_internal,registered reach geometry; frozen river-domain eligibility,-1,registered_monthly_flux_weighted_baseline,month_only_unverified_aggregation,225,225,sustained_high_TN
打邦,打邦,29,20,2024,9,2.41,0.8017217901380611,105.7697,25.7311,formal_2016_2024,[],E:\SPARROW\0_water_quality\data\preprocess\csv\打邦.csv,106.0,prepared_authoritative_station_csv,missing_section_code_and_raw_row_link,True,,3994,True,ordinary_internal,registered reach geometry; frozen river-domain eligibility,-1,registered_monthly_flux_weighted_baseline,month_only_unverified_aggregation,225,225,sustained_high_TN
打邦,打邦,29,20,2024,10,2.78,0.8017217901380611,105.7697,25.7311,formal_2016_2024,[],E:\SPARROW\0_water_quality\data\preprocess\csv\打邦.csv,107.0,prepared_authoritative_station_csv,missing_section_code_and_raw_row_link,True,,3995,True,ordinary_internal,registered reach geometry; frozen river-domain eligibility,-1,registered_monthly_flux_weighted_baseline,month_only_unverified_aggregation,225,225,sustained_high_TN
打邦,打邦,29,20,2024,11,2.77,0.8017217901380611,105.7697,25.7311,formal_2016_2024,[],E:\SPARROW\0_water_quality\data\preprocess\csv\打邦.csv,108.0,prepared_authoritative_station_csv,missing_section_code_and_raw_row_link,True,,3996,True,ordinary_internal,registered reach geometry; frozen river-domain eligibility,-1,registered_monthly_flux_weighted_baseline,month_only_unverified_aggregation,225,225,sustained_high_TN
打邦,打邦,29,20,2024,12,3.11,0.8017217901380611,105.7697,25.7311,formal_2016_2024,[],E:\SPARROW\0_water_quality\data\preprocess\csv\打邦.csv,109.0,prepared_authoritative_station_csv,missing_section_code_and_raw_row_link,True,,3997,True,ordinary_internal,registered reach geometry; frozen river-domain eligibility,-1,registered_monthly_flux_weighted_baseline,month_only_unverified_aggregation,225,225,sustained_high_TN
棉江,棉江,11,20,2024,1,1.12,0.9387718801461318,107.1557,22.403,formal_2016_2024,[],E:\SPARROW\0_water_quality\data\preprocess\csv\棉江.csv,98.0,prepared_authoritative_station_csv,missing_section_code_and_raw_row_link,True,,4741,True,ordinary_internal,registered reach geometry; frozen river-domain eligibility,-1,registered_monthly_flux_weighted_baseline,month_only_unverified_aggregation,113,113,Mianjiang_extreme
棉江,棉江,11,20,2024,2,1.33,0.9387718801461318,107.1557,22.403,formal_2016_2024,[],E:\SPARROW\0_water_quality\data\preprocess\csv\棉江.csv,99.0,prepared_authoritative_station_csv,missing_section_code_and_raw_row_link,True,,4742,True,ordinary_internal,registered reach geometry; frozen river-domain eligibility,-1,registered_monthly_flux_weighted_baseline,month_only_unverified_aggregation,113,113,Mianjiang_extreme
棉江,棉江,11,20,2024,3,1.15,0.9387718801461318,107.1557,22.403,formal_2016_2024,[],E:\SPARROW\0_water_quality\data\preprocess\csv\棉江.csv,100.0,prepared_authoritative_station_csv,missing_section_code_and_raw_row_link,True,,4743,True,ordinary_internal,registered reach geometry; frozen river-domain eligibility,-1,registered_monthly_flux_weighted_baseline,month_only_unverified_aggregation,113,113,Mianjiang_extreme
棉江,棉江,11,20,2024,4,0.97,0.9387718801461318,107.1557,22.403,formal_2016_2024,[],E:\SPARROW\0_water_quality\data\preprocess\csv\棉江.csv,101.0,prepared_authoritative_station_csv,missing_section_code_and_raw_row_link,True,,4744,True,ordinary_internal,registered reach geometry; frozen river-domain eligibility,-1,registered_monthly_flux_weighted_baseline,month_only_unverified_aggregation,113,113,Mianjiang_extreme
棉江,棉江,11,20,2024,5,1.97,0.9387718801461318,107.1557,22.403,formal_2016_2024,[],E:\SPARROW\0_water_quality\data\preprocess\csv\棉江.csv,102.0,prepared_authoritative_station_csv,missing_section_code_and_raw_row_link,True,,4745,True,ordinary_internal,registered reach geometry; frozen river-domain eligibility,-1,registered_monthly_flux_weighted_baseline,month_only_unverified_aggregation,113,113,Mianjiang_extreme
棉江,棉江,11,20,2024,6,1.85,0.9387718801461318,107.1557,22.403,formal_2016_2024,[],E:\SPARROW\0_water_quality\data\preprocess\csv\棉江.csv,103.0,prepared_authoritative_station_csv,missing_section_code_and_raw_row_link,True,,4746,True,ordinary_internal,registered reach geometry; frozen river-domain eligibility,-1,registered_monthly_flux_weighted_baseline,month_only_unverified_aggregation,113,113,Mianjiang_extreme
棉江,棉江,11,20,2024,7,1.58,0.9387718801461318,107.1557,22.403,formal_2016_2024,[],E:\SPARROW\0_water_quality\data\preprocess\csv\棉江.csv,104.0,prepared_authoritative_station_csv,missing_section_code_and_raw_row_link,True,,4747,True,ordinary_internal,registered reach geometry; frozen river-domain eligibility,-1,registered_monthly_flux_weighted_baseline,month_only_unverified_aggregation,113,113,Mianjiang_extreme
棉江,棉江,11,20,2024,8,1.45,0.9387718801461318,107.1557,22.403,formal_2016_2024,[],E:\SPARROW\0_water_quality\data\preprocess\csv\棉江.csv,105.0,prepared_authoritative_station_csv,missing_section_code_and_raw_row_link,True,,4748,True,ordinary_internal,registered reach geometry; frozen river-domain eligibility,-1,registered_monthly_flux_weighted_baseline,month_only_unverified_aggregation,113,113,Mianjiang_extreme
棉江,棉江,11,20,2024,9,1.33,0.9387718801461318,107.1557,22.403,formal_2016_2024,[],E:\SPARROW\0_water_quality\data\preprocess\csv\棉江.csv,106.0,prepared_authoritative_station_csv,missing_section_code_and_raw_row_link,True,,4749,True,ordinary_internal,registered reach geometry; frozen river-domain eligibility,-1,registered_monthly_flux_weighted_baseline,month_only_unverified_aggregation,113,113,Mianjiang_extreme
棉江,棉江,11,20,2024,10,1.12,0.9387718801461318,107.1557,22.403,formal_2016_2024,[],E:\SPARROW\0_water_quality\data\preprocess\csv\棉江.csv,107.0,prepared_authoritative_station_csv,missing_section_code_and_raw_row_link,True,,4750,True,ordinary_internal,registered reach geometry; frozen river-domain eligibility,-1,registered_monthly_flux_weighted_baseline,month_only_unverified_aggregation,113,113,Mianjiang_extreme
棉江,棉江,11,20,2024,11,1.12,0.9387718801461318,107.1557,22.403,formal_2016_2024,[],E:\SPARROW\0_water_quality\data\preprocess\csv\棉江.csv,108.0,prepared_authoritative_station_csv,missing_section_code_and_raw_row_link,True,,4751,True,ordinary_internal,registered reach geometry; frozen river-domain eligibility,-1,registered_monthly_flux_weighted_baseline,month_only_unverified_aggregation,113,113,Mianjiang_extreme
棉江,棉江,11,20,2024,12,1.1,0.9387718801461318,107.1557,22.403,formal_2016_2024,[],E:\SPARROW\0_water_quality\data\preprocess\csv\棉江.csv,109.0,prepared_authoritative_station_csv,missing_section_code_and_raw_row_link,True,,4752,True,ordinary_internal,registered reach geometry; frozen river-domain eligibility,-1,registered_monthly_flux_weighted_baseline,month_only_unverified_aggregation,113,113,Mianjiang_extreme
永昌桥,永昌桥,14,20,2024,1,6.75,0.37546407126680964,102.4449,24.158,formal_2016_2024,[],E:\SPARROW\0_water_quality\data\preprocess\csv\永昌桥.csv,98.0,prepared_authoritative_station_csv,missing_section_code_and_raw_row_link,True,,5066,True,ordinary_internal,registered reach geometry; frozen river-domain eligibility,-1,registered_monthly_flux_weighted_baseline,month_only_unverified_aggregation,158,193,sustained_high_TN
永昌桥,永昌桥,14,20,2024,2,5.84,0.37546407126680964,102.4449,24.158,formal_2016_2024,[],E:\SPARROW\0_water_quality\data\preprocess\csv\永昌桥.csv,99.0,prepared_authoritative_station_csv,missing_section_code_and_raw_row_link,True,,5067,True,ordinary_internal,registered reach geometry; frozen river-domain eligibility,-1,registered_monthly_flux_weighted_baseline,month_only_unverified_aggregation,158,193,sustained_high_TN
永昌桥,永昌桥,14,20,2024,3,4.37,0.37546407126680964,102.4449,24.158,formal_2016_2024,[],E:\SPARROW\0_water_quality\data\preprocess\csv\永昌桥.csv,100.0,prepared_authoritative_station_csv,missing_section_code_and_raw_row_link,True,,5068,True,ordinary_internal,registered reach geometry; frozen river-domain eligibility,-1,registered_monthly_flux_weighted_baseline,month_only_unverified_aggregation,158,193,sustained_high_TN
永昌桥,永昌桥,14,20,2024,4,3.91,0.37546407126680964,102.4449,24.158,formal_2016_2024,[],E:\SPARROW\0_water_quality\data\preprocess\csv\永昌桥.csv,101.0,prepared_authoritative_station_csv,missing_section_code_and_raw_row_link,True,,5069,True,ordinary_internal,registered reach geometry; frozen river-domain eligibility,-1,registered_monthly_flux_weighted_baseline,month_only_unverified_aggregation,158,193,sustained_high_TN
永昌桥,永昌桥,14,20,2024,5,6.04,0.37546407126680964,102.4449,24.158,formal_2016_2024,[],E:\SPARROW\0_water_quality\data\preprocess\csv\永昌桥.csv,102.0,prepared_authoritative_station_csv,missing_section_code_and_raw_row_link,True,,5070,True,ordinary_internal,registered reach geometry; frozen river-domain eligibility,-1,registered_monthly_flux_weighted_baseline,month_only_unverified_aggregation,158,193,sustained_high_TN
永昌桥,永昌桥,14,20,2024,6,6.68,0.37546407126680964,102.4449,24.158,formal_2016_2024,[],E:\SPARROW\0_water_quality\data\preprocess\csv\永昌桥.csv,103.0,prepared_authoritative_station_csv,missing_section_code_and_raw_row_link,True,,5071,True,ordinary_internal,registered reach geometry; frozen river-domain eligibility,-1,registered_monthly_flux_weighted_baseline,month_only_unverified_aggregation,158,193,sustained_high_TN
永昌桥,永昌桥,14,20,2024,7,5.6,0.37546407126680964,102.4449,24.158,formal_2016_2024,[],E:\SPARROW\0_water_quality\data\preprocess\csv\永昌桥.csv,104.0,prepared_authoritative_station_csv,missing_section_code_and_raw_row_link,True,,5072,True,ordinary_internal,registered reach geometry; frozen river-domain eligibility,-1,registered_monthly_flux_weighted_baseline,month_only_unverified_aggregation,158,193,sustained_high_TN
永昌桥,永昌桥,14,20,2024,8,5.63,0.37546407126680964,102.4449,24.158,formal_2016_2024,[],E:\SPARROW\0_water_quality\data\preprocess\csv\永昌桥.csv,105.0,prepared_authoritative_station_csv,missing_section_code_and_raw_row_link,True,,5073,True,ordinary_internal,registered reach geometry; frozen river-domain eligibility,-1,registered_monthly_flux_weighted_baseline,month_only_unverified_aggregation,158,193,sustained_high_TN
永昌桥,永昌桥,14,20,2024,9,6.08,0.37546407126680964,102.4449,24.158,formal_2016_2024,[],E:\SPARROW\0_water_quality\data\preprocess\csv\永昌桥.csv,106.0,prepared_authoritative_station_csv,missing_section_code_and_raw_row_link,True,,5074,True,ordinary_internal,registered reach geometry; frozen river-domain eligibility,-1,registered_monthly_flux_weighted_baseline,month_only_unverified_aggregation,158,193,sustained_high_TN
永昌桥,永昌桥,14,20,2024,10,6.37,0.37546407126680964,102.4449,24.158,formal_2016_2024,[],E:\SPARROW\0_water_quality\data\preprocess\csv\永昌桥.csv,107.0,prepared_authoritative_station_csv,missing_section_code_and_raw_row_link,True,,5075,True,ordinary_internal,registered reach geometry; frozen river-domain eligibility,-1,registered_monthly_flux_weighted_baseline,month_only_unverified_aggregation,158,193,sustained_high_TN
永昌桥,永昌桥,14,20,2024,11,5.96,0.37546407126680964,102.4449,24.158,formal_2016_2024,[],E:\SPARROW\0_water_quality\data\preprocess\csv\永昌桥.csv,108.0,prepared_authoritative_station_csv,missing_section_code_and_raw_row_link,True,,5076,True,ordinary_internal,registered reach geometry; frozen river-domain eligibility,-1,registered_monthly_flux_weighted_baseline,month_only_unverified_aggregation,158,193,sustained_high_TN
永昌桥,永昌桥,14,20,2024,12,6.23,0.37546407126680964,102.4449,24.158,formal_2016_2024,[],E:\SPARROW\0_water_quality\data\preprocess\csv\永昌桥.csv,109.0,prepared_authoritative_station_csv,missing_section_code_and_raw_row_link,True,,5077,True,ordinary_internal,registered reach geometry; frozen river-domain eligibility,-1,registered_monthly_flux_weighted_baseline,month_only_unverified_aggregation,158,193,sustained_high_TN
江边桥,江边桥,19,20,2024,1,4.08,0.21884617318998786,103.5846,24.047,formal_2016_2024,[],E:\SPARROW\0_water_quality\data\preprocess\csv\江边桥.csv,98.0,prepared_authoritative_station_csv,missing_section_code_and_raw_row_link,True,,5164,True,ordinary_internal,registered reach geometry; frozen river-domain eligibility,-1,registered_monthly_flux_weighted_baseline,month_only_unverified_aggregation,193,193,sustained_high_TN
江边桥,江边桥,19,20,2024,2,3.18,0.21884617318998786,103.5846,24.047,formal_2016_2024,[],E:\SPARROW\0_water_quality\data\preprocess\csv\江边桥.csv,99.0,prepared_authoritative_station_csv,missing_section_code_and_raw_row_link,True,,5165,True,ordinary_internal,registered reach geometry; frozen river-domain eligibility,-1,registered_monthly_flux_weighted_baseline,month_only_unverified_aggregation,193,193,sustained_high_TN
江边桥,江边桥,19,20,2024,3,2.95,0.21884617318998786,103.5846,24.047,formal_2016_2024,[],E:\SPARROW\0_water_quality\data\preprocess\csv\江边桥.csv,100.0,prepared_authoritative_station_csv,missing_section_code_and_raw_row_link,True,,5166,True,ordinary_internal,registered reach geometry; frozen river-domain eligibility,-1,registered_monthly_flux_weighted_baseline,month_only_unverified_aggregation,193,193,sustained_high_TN
江边桥,江边桥,19,20,2024,4,2.32,0.21884617318998786,103.5846,24.047,formal_2016_2024,[],E:\SPARROW\0_water_quality\data\preprocess\csv\江边桥.csv,101.0,prepared_authoritative_station_csv,missing_section_code_and_raw_row_link,True,,5167,True,ordinary_internal,registered reach geometry; frozen river-domain eligibility,-1,registered_monthly_flux_weighted_baseline,month_only_unverified_aggregation,193,193,sustained_high_TN
江边桥,江边桥,19,20,2024,5,3.16,0.21884617318998786,103.5846,24.047,formal_2016_2024,[],E:\SPARROW\0_water_quality\data\preprocess\csv\江边桥.csv,102.0,prepared_authoritative_station_csv,missing_section_code_and_raw_row_link,True,,5168,True,ordinary_internal,registered reach geometry; frozen river-domain eligibility,-1,registered_monthly_flux_weighted_baseline,month_only_unverified_aggregation,193,193,sustained_high_TN
江边桥,江边桥,19,20,2024,6,6.32,0.21884617318998786,103.5846,24.047,formal_2016_2024,[],E:\SPARROW\0_water_quality\data\preprocess\csv\江边桥.csv,103.0,prepared_authoritative_station_csv,missing_section_code_and_raw_row_link,True,,5169,True,ordinary_internal,registered reach geometry; frozen river-domain eligibility,-1,registered_monthly_flux_weighted_baseline,month_only_unverified_aggregation,193,193,sustained_high_TN
江边桥,江边桥,19,20,2024,7,6.49,0.21884617318998786,103.5846,24.047,formal_2016_2024,[],E:\SPARROW\0_water_quality\data\preprocess\csv\江边桥.csv,104.0,prepared_authoritative_station_csv,missing_section_code_and_raw_row_link,True,,5170,True,ordinary_internal,registered reach geometry; frozen river-domain eligibility,-1,registered_monthly_flux_weighted_baseline,month_only_unverified_aggregation,193,193,sustained_high_TN
江边桥,江边桥,19,20,2024,8,6.87,0.21884617318998786,103.5846,24.047,formal_2016_2024,[],E:\SPARROW\0_water_quality\data\preprocess\csv\江边桥.csv,105.0,prepared_authoritative_station_csv,missing_section_code_and_raw_row_link,True,,5171,True,ordinary_internal,registered reach geometry; frozen river-domain eligibility,-1,registered_monthly_flux_weighted_baseline,month_only_unverified_aggregation,193,193,sustained_high_TN
江边桥,江边桥,19,20,2024,9,4.6,0.21884617318998786,103.5846,24.047,formal_2016_2024,[],E:\SPARROW\0_water_quality\data\preprocess\csv\江边桥.csv,106.0,prepared_authoritative_station_csv,missing_section_code_and_raw_row_link,True,,5172,True,ordinary_internal,registered reach geometry; frozen river-domain eligibility,-1,registered_monthly_flux_weighted_baseline,month_only_unverified_aggregation,193,193,sustained_high_TN
江边桥,江边桥,19,20,2024,10,4.76,0.21884617318998786,103.5846,24.047,formal_2016_2024,[],E:\SPARROW\0_water_quality\data\preprocess\csv\江边桥.csv,107.0,prepared_authoritative_station_csv,missing_section_code_and_raw_row_link,True,,5173,True,ordinary_internal,registered reach geometry; frozen river-domain eligibility,-1,registered_monthly_flux_weighted_baseline,month_only_unverified_aggregation,193,193,sustained_high_TN
江边桥,江边桥,19,20,2024,11,4.13,0.21884617318998786,103.5846,24.047,formal_2016_2024,[],E:\SPARROW\0_water_quality\data\preprocess\csv\江边桥.csv,108.0,prepared_authoritative_station_csv,missing_section_code_and_raw_row_link,True,,5174,True,ordinary_internal,registered reach geometry; frozen river-domain eligibility,-1,registered_monthly_flux_weighted_baseline,month_only_unverified_aggregation,193,193,sustained_high_TN
江边桥,江边桥,19,20,2024,12,4.74,0.21884617318998786,103.5846,24.047,formal_2016_2024,[],E:\SPARROW\0_water_quality\data\preprocess\csv\江边桥.csv,109.0,prepared_authoritative_station_csv,missing_section_code_and_raw_row_link,True,,5175,True,ordinary_internal,registered reach geometry; frozen river-domain eligibility,-1,registered_monthly_flux_weighted_baseline,month_only_unverified_aggregation,193,193,sustained_high_TN
狗街,狗街,16,20,2024,1,4.83,0.7313925908538373,103.1383,24.792,formal_2016_2024,[],E:\SPARROW\0_water_quality\data\preprocess\csv\狗街.csv,98.0,prepared_authoritative_station_csv,missing_section_code_and_raw_row_link,True,,5745,True,ordinary_internal,registered reach geometry; frozen river-domain eligibility,-1,registered_monthly_flux_weighted_baseline,month_only_unverified_aggregation,190,193,sustained_high_TN
狗街,狗街,16,20,2024,2,3.41,0.7313925908538373,103.1383,24.792,formal_2016_2024,[],E:\SPARROW\0_water_quality\data\preprocess\csv\狗街.csv,99.0,prepared_authoritative_station_csv,missing_section_code_and_raw_row_link,True,,5746,True,ordinary_internal,registered reach geometry; frozen river-domain eligibility,-1,registered_monthly_flux_weighted_baseline,month_only_unverified_aggregation,190,193,sustained_high_TN
狗街,狗街,16,20,2024,3,3.24,0.7313925908538373,103.1383,24.792,formal_2016_2024,[],E:\SPARROW\0_water_quality\data\preprocess\csv\狗街.csv,100.0,prepared_authoritative_station_csv,missing_section_code_and_raw_row_link,True,,5747,True,ordinary_internal,registered reach geometry; frozen river-domain eligibility,-1,registered_monthly_flux_weighted_baseline,month_only_unverified_aggregation,190,193,sustained_high_TN
狗街,狗街,16,20,2024,4,2.82,0.7313925908538373,103.1383,24.792,formal_2016_2024,[],E:\SPARROW\0_water_quality\data\preprocess\csv\狗街.csv,101.0,prepared_authoritative_station_csv,missing_section_code_and_raw_row_link,True,,5748,True,ordinary_internal,registered reach geometry; frozen river-domain eligibility,-1,registered_monthly_flux_weighted_baseline,month_only_unverified_aggregation,190,193,sustained_high_TN
狗街,狗街,16,20,2024,5,2.12,0.7313925908538373,103.1383,24.792,formal_2016_2024,[],E:\SPARROW\0_water_quality\data\preprocess\csv\狗街.csv,102.0,prepared_authoritative_station_csv,missing_section_code_and_raw_row_link,True,,5749,True,ordinary_internal,registered reach geometry; frozen river-domain eligibility,-1,registered_monthly_flux_weighted_baseline,month_only_unverified_aggregation,190,193,sustained_high_TN
狗街,狗街,16,20,2024,6,3.3,0.7313925908538373,103.1383,24.792,formal_2016_2024,[],E:\SPARROW\0_water_quality\data\preprocess\csv\狗街.csv,103.0,prepared_authoritative_station_csv,missing_section_code_and_raw_row_link,True,,5750,True,ordinary_internal,registered reach geometry; frozen river-domain eligibility,-1,registered_monthly_flux_weighted_baseline,month_only_unverified_aggregation,190,193,sustained_high_TN
狗街,狗街,16,20,2024,7,9.65,0.7313925908538373,103.1383,24.792,formal_2016_2024,[],E:\SPARROW\0_water_quality\data\preprocess\csv\狗街.csv,104.0,prepared_authoritative_station_csv,missing_section_code_and_raw_row_link,True,,5751,True,ordinary_internal,registered reach geometry; frozen river-domain eligibility,-1,registered_monthly_flux_weighted_baseline,month_only_unverified_aggregation,190,193,sustained_high_TN
狗街,狗街,16,20,2024,8,7.06,0.7313925908538373,103.1383,24.792,formal_2016_2024,[],E:\SPARROW\0_water_quality\data\preprocess\csv\狗街.csv,105.0,prepared_authoritative_station_csv,missing_section_code_and_raw_row_link,True,,5752,True,ordinary_internal,registered reach geometry; frozen river-domain eligibility,-1,registered_monthly_flux_weighted_baseline,month_only_unverified_aggregation,190,193,sustained_high_TN
狗街,狗街,16,20,2024,9,6.8,0.7313925908538373,103.1383,24.792,formal_2016_2024,[],E:\SPARROW\0_water_quality\data\preprocess\csv\狗街.csv,106.0,prepared_authoritative_station_csv,missing_section_code_and_raw_row_link,True,,5753,True,ordinary_internal,registered reach geometry; frozen river-domain eligibility,-1,registered_monthly_flux_weighted_baseline,month_only_unverified_aggregation,190,193,sustained_high_TN
狗街,狗街,16,20,2024,10,5.3,0.7313925908538373,103.1383,24.792,formal_2016_2024,[],E:\SPARROW\0_water_quality\data\preprocess\csv\狗街.csv,107.0,prepared_authoritative_station_csv,missing_section_code_and_raw_row_link,True,,5754,True,ordinary_internal,registered reach geometry; frozen river-domain eligibility,-1,registered_monthly_flux_weighted_baseline,month_only_unverified_aggregation,190,193,sustained_high_TN
狗街,狗街,16,20,2024,11,5.7,0.7313925908538373,103.1383,24.792,formal_2016_2024,[],E:\SPARROW\0_water_quality\data\preprocess\csv\狗街.csv,108.0,prepared_authoritative_station_csv,missing_section_code_and_raw_row_link,True,,5755,True,ordinary_internal,registered reach geometry; frozen river-domain eligibility,-1,registered_monthly_flux_weighted_baseline,month_only_unverified_aggregation,190,193,sustained_high_TN
狗街,狗街,16,20,2024,12,5.85,0.7313925908538373,103.1383,24.792,formal_2016_2024,[],E:\SPARROW\0_water_quality\data\preprocess\csv\狗街.csv,109.0,prepared_authoritative_station_csv,missing_section_code_and_raw_row_link,True,,5756,True,ordinary_internal,registered reach geometry; frozen river-domain eligibility,-1,registered_monthly_flux_weighted_baseline,month_only_unverified_aggregation,190,193,sustained_high_TN
甲茶,甲茶,23,217,2024,1,1.18,0.6924796411729837,107.1952,25.6288,formal_2016_2024,[],E:\SPARROW\0_water_quality\data\preprocess\csv\甲茶.csv,98.0,prepared_authoritative_station_csv,missing_section_code_and_raw_row_link,True,,5856,True,ordinary_internal,registered reach geometry; frozen river-domain eligibility,-1,registered_monthly_flux_weighted_baseline,month_only_unverified_aggregation,218,217,new_small_basins
甲茶,甲茶,23,217,2024,2,1.5,0.6924796411729837,107.1952,25.6288,formal_2016_2024,[],E:\SPARROW\0_water_quality\data\preprocess\csv\甲茶.csv,99.0,prepared_authoritative_station_csv,missing_section_code_and_raw_row_link,True,,5857,True,ordinary_internal,registered reach geometry; frozen river-domain eligibility,-1,registered_monthly_flux_weighted_baseline,month_only_unverified_aggregation,218,217,new_small_basins
甲茶,甲茶,23,217,2024,3,1.39,0.6924796411729837,107.1952,25.6288,formal_2016_2024,[],E:\SPARROW\0_water_quality\data\preprocess\csv\甲茶.csv,100.0,prepared_authoritative_station_csv,missing_section_code_and_raw_row_link,True,,5858,True,ordinary_internal,registered reach geometry; frozen river-domain eligibility,-1,registered_monthly_flux_weighted_baseline,month_only_unverified_aggregation,218,217,new_small_basins
甲茶,甲茶,23,217,2024,4,1.45,0.6924796411729837,107.1952,25.6288,formal_2016_2024,[],E:\SPARROW\0_water_quality\data\preprocess\csv\甲茶.csv,101.0,prepared_authoritative_station_csv,missing_section_code_and_raw_row_link,True,,5859,True,ordinary_internal,registered reach geometry; frozen river-domain eligibility,-1,registered_monthly_flux_weighted_baseline,month_only_unverified_aggregation,218,217,new_small_basins
甲茶,甲茶,23,217,2024,5,1.47,0.6924796411729837,107.1952,25.6288,formal_2016_2024,[],E:\SPARROW\0_water_quality\data\preprocess\csv\甲茶.csv,102.0,prepared_authoritative_station_csv,missing_section_code_and_raw_row_link,True,,5860,True,ordinary_internal,registered reach geometry; frozen river-domain eligibility,-1,registered_monthly_flux_weighted_baseline,month_only_unverified_aggregation,218,217,new_small_basins
甲茶,甲茶,23,217,2024,6,1.31,0.6924796411729837,107.1952,25.6288,formal_2016_2024,[],E:\SPARROW\0_water_quality\data\preprocess\csv\甲茶.csv,103.0,prepared_authoritative_station_csv,missing_section_code_and_raw_row_link,True,,5861,True,ordinary_internal,registered reach geometry; frozen river-domain eligibility,-1,registered_monthly_flux_weighted_baseline,month_only_unverified_aggregation,218,217,new_small_basins
甲茶,甲茶,23,217,2024,7,1.41,0.6924796411729837,107.1952,25.6288,formal_2016_2024,[],E:\SPARROW\0_water_quality\data\preprocess\csv\甲茶.csv,104.0,prepared_authoritative_station_csv,missing_section_code_and_raw_row_link,True,,5862,True,ordinary_internal,registered reach geometry; frozen river-domain eligibility,-1,registered_monthly_flux_weighted_baseline,month_only_unverified_aggregation,218,217,new_small_basins
甲茶,甲茶,23,217,2024,8,1.07,0.6924796411729837,107.1952,25.6288,formal_2016_2024,[],E:\SPARROW\0_water_quality\data\preprocess\csv\甲茶.csv,105.0,prepared_authoritative_station_csv,missing_section_code_and_raw_row_link,True,,5863,True,ordinary_internal,registered reach geometry; frozen river-domain eligibility,-1,registered_monthly_flux_weighted_baseline,month_only_unverified_aggregation,218,217,new_small_basins
甲茶,甲茶,23,217,2024,9,1.12,0.6924796411729837,107.1952,25.6288,formal_2016_2024,[],E:\SPARROW\0_water_quality\data\preprocess\csv\甲茶.csv,106.0,prepared_authoritative_station_csv,missing_section_code_and_raw_row_link,True,,5864,True,ordinary_internal,registered reach geometry; frozen river-domain eligibility,-1,registered_monthly_flux_weighted_baseline,month_only_unverified_aggregation,218,217,new_small_basins
甲茶,甲茶,23,217,2024,10,0.98,0.6924796411729837,107.1952,25.6288,formal_2016_2024,[],E:\SPARROW\0_water_quality\data\preprocess\csv\甲茶.csv,107.0,prepared_authoritative_station_csv,missing_section_code_and_raw_row_link,True,,5865,True,ordinary_internal,registered reach geometry; frozen river-domain eligibility,-1,registered_monthly_flux_weighted_baseline,month_only_unverified_aggregation,218,217,new_small_basins
甲茶,甲茶,23,217,2024,11,0.93,0.6924796411729837,107.1952,25.6288,formal_2016_2024,[],E:\SPARROW\0_water_quality\data\preprocess\csv\甲茶.csv,108.0,prepared_authoritative_station_csv,missing_section_code_and_raw_row_link,True,,5866,True,ordinary_internal,registered reach geometry; frozen river-domain eligibility,-1,registered_monthly_flux_weighted_baseline,month_only_unverified_aggregation,218,217,new_small_basins
甲茶,甲茶,23,217,2024,12,1.01,0.6924796411729837,107.1952,25.6288,formal_2016_2024,[],E:\SPARROW\0_water_quality\data\preprocess\csv\甲茶.csv,109.0,prepared_authoritative_station_csv,missing_section_code_and_raw_row_link,True,,5867,True,ordinary_internal,registered reach geometry; frozen river-domain eligibility,-1,registered_monthly_flux_weighted_baseline,month_only_unverified_aggregation,218,217,new_small_basins
盘溪大桥,盘溪大桥,16,20,2024,1,3.74,0.995484959229506,103.1066,24.2226,formal_2016_2024,[],E:\SPARROW\0_water_quality\data\preprocess\csv\盘溪大桥.csv,98.0,prepared_authoritative_station_csv,missing_section_code_and_raw_row_link,True,,6345,True,ordinary_internal,registered reach geometry; frozen river-domain eligibility,-1,registered_monthly_flux_weighted_baseline,month_only_unverified_aggregation,190,193,sustained_high_TN
盘溪大桥,盘溪大桥,16,20,2024,2,3.67,0.995484959229506,103.1066,24.2226,formal_2016_2024,[],E:\SPARROW\0_water_quality\data\preprocess\csv\盘溪大桥.csv,99.0,prepared_authoritative_station_csv,missing_section_code_and_raw_row_link,True,,6346,True,ordinary_internal,registered reach geometry; frozen river-domain eligibility,-1,registered_monthly_flux_weighted_baseline,month_only_unverified_aggregation,190,193,sustained_high_TN
盘溪大桥,盘溪大桥,16,20,2024,3,3.03,0.995484959229506,103.1066,24.2226,formal_2016_2024,[],E:\SPARROW\0_water_quality\data\preprocess\csv\盘溪大桥.csv,100.0,prepared_authoritative_station_csv,missing_section_code_and_raw_row_link,True,,6347,True,ordinary_internal,registered reach geometry; frozen river-domain eligibility,-1,registered_monthly_flux_weighted_baseline,month_only_unverified_aggregation,190,193,sustained_high_TN
盘溪大桥,盘溪大桥,16,20,2024,4,2.79,0.995484959229506,103.1066,24.2226,formal_2016_2024,[],E:\SPARROW\0_water_quality\data\preprocess\csv\盘溪大桥.csv,101.0,prepared_authoritative_station_csv,missing_section_code_and_raw_row_link,True,,6348,True,ordinary_internal,registered reach geometry; frozen river-domain eligibility,-1,registered_monthly_flux_weighted_baseline,month_only_unverified_aggregation,190,193,sustained_high_TN
盘溪大桥,盘溪大桥,16,20,2024,5,2.5,0.995484959229506,103.1066,24.2226,formal_2016_2024,[],E:\SPARROW\0_water_quality\data\preprocess\csv\盘溪大桥.csv,102.0,prepared_authoritative_station_csv,missing_section_code_and_raw_row_link,True,,6349,True,ordinary_internal,registered reach geometry; frozen river-domain eligibility,-1,registered_monthly_flux_weighted_baseline,month_only_unverified_aggregation,190,193,sustained_high_TN
盘溪大桥,盘溪大桥,16,20,2024,6,7.86,0.995484959229506,103.1066,24.2226,formal_2016_2024,[],E:\SPARROW\0_water_quality\data\preprocess\csv\盘溪大桥.csv,103.0,prepared_authoritative_station_csv,missing_section_code_and_raw_row_link,True,,6350,True,ordinary_internal,registered reach geometry; frozen river-domain eligibility,-1,registered_monthly_flux_weighted_baseline,month_only_unverified_aggregation,190,193,sustained_high_TN
盘溪大桥,盘溪大桥,16,20,2024,7,7.75,0.995484959229506,103.1066,24.2226,formal_2016_2024,[],E:\SPARROW\0_water_quality\data\preprocess\csv\盘溪大桥.csv,104.0,prepared_authoritative_station_csv,missing_section_code_and_raw_row_link,True,,6351,True,ordinary_internal,registered reach geometry; frozen river-domain eligibility,-1,registered_monthly_flux_weighted_baseline,month_only_unverified_aggregation,190,193,sustained_high_TN
盘溪大桥,盘溪大桥,16,20,2024,8,7.08,0.995484959229506,103.1066,24.2226,formal_2016_2024,[],E:\SPARROW\0_water_quality\data\preprocess\csv\盘溪大桥.csv,105.0,prepared_authoritative_station_csv,missing_section_code_and_raw_row_link,True,,6352,True,ordinary_internal,registered reach geometry; frozen river-domain eligibility,-1,registered_monthly_flux_weighted_baseline,month_only_unverified_aggregation,190,193,sustained_high_TN
盘溪大桥,盘溪大桥,16,20,2024,9,5.66,0.995484959229506,103.1066,24.2226,formal_2016_2024,[],E:\SPARROW\0_water_quality\data\preprocess\csv\盘溪大桥.csv,106.0,prepared_authoritative_station_csv,missing_section_code_and_raw_row_link,True,,6353,True,ordinary_internal,registered reach geometry; frozen river-domain eligibility,-1,registered_monthly_flux_weighted_baseline,month_only_unverified_aggregation,190,193,sustained_high_TN
盘溪大桥,盘溪大桥,16,20,2024,10,5.41,0.995484959229506,103.1066,24.2226,formal_2016_2024,[],E:\SPARROW\0_water_quality\data\preprocess\csv\盘溪大桥.csv,107.0,prepared_authoritative_station_csv,missing_section_code_and_raw_row_link,True,,6354,True,ordinary_internal,registered reach geometry; frozen river-domain eligibility,-1,registered_monthly_flux_weighted_baseline,month_only_unverified_aggregation,190,193,sustained_high_TN
盘溪大桥,盘溪大桥,16,20,2024,11,4.85,0.995484959229506,103.1066,24.2226,formal_2016_2024,[],E:\SPARROW\0_water_quality\data\preprocess\csv\盘溪大桥.csv,108.0,prepared_authoritative_station_csv,missing_section_code_and_raw_row_link,True,,6355,True,ordinary_internal,registered reach geometry; frozen river-domain eligibility,-1,registered_monthly_flux_weighted_baseline,month_only_unverified_aggregation,190,193,sustained_high_TN
盘溪大桥,盘溪大桥,16,20,2024,12,4.53,0.995484959229506,103.1066,24.2226,formal_2016_2024,[],E:\SPARROW\0_water_quality\data\preprocess\csv\盘溪大桥.csv,109.0,prepared_authoritative_station_csv,missing_section_code_and_raw_row_link,True,,6356,True,ordinary_internal,registered reach geometry; frozen river-domain eligibility,-1,registered_monthly_flux_weighted_baseline,month_only_unverified_aggregation,190,193,sustained_high_TN
禄丰村,禄丰村,16,20,2024,1,3.09,0.8552220456974303,103.1103,24.5602,formal_2016_2024,[],E:\SPARROW\0_water_quality\data\preprocess\csv\禄丰村.csv,98.0,prepared_authoritative_station_csv,missing_section_code_and_raw_row_link,True,,6653,True,ordinary_internal,registered reach geometry; frozen river-domain eligibility,-1,registered_monthly_flux_weighted_baseline,month_only_unverified_aggregation,190,193,sustained_high_TN
禄丰村,禄丰村,16,20,2024,2,2.57,0.8552220456974303,103.1103,24.5602,formal_2016_2024,[],E:\SPARROW\0_water_quality\data\preprocess\csv\禄丰村.csv,99.0,prepared_authoritative_station_csv,missing_section_code_and_raw_row_link,True,,6654,True,ordinary_internal,registered reach geometry; frozen river-domain eligibility,-1,registered_monthly_flux_weighted_baseline,month_only_unverified_aggregation,190,193,sustained_high_TN
禄丰村,禄丰村,16,20,2024,3,2.17,0.8552220456974303,103.1103,24.5602,formal_2016_2024,[],E:\SPARROW\0_water_quality\data\preprocess\csv\禄丰村.csv,100.0,prepared_authoritative_station_csv,missing_section_code_and_raw_row_link,True,,6655,True,ordinary_internal,registered reach geometry; frozen river-domain eligibility,-1,registered_monthly_flux_weighted_baseline,month_only_unverified_aggregation,190,193,sustained_high_TN
禄丰村,禄丰村,16,20,2024,4,2.0,0.8552220456974303,103.1103,24.5602,formal_2016_2024,[],E:\SPARROW\0_water_quality\data\preprocess\csv\禄丰村.csv,101.0,prepared_authoritative_station_csv,missing_section_code_and_raw_row_link,True,,6656,True,ordinary_internal,registered reach geometry; frozen river-domain eligibility,-1,registered_monthly_flux_weighted_baseline,month_only_unverified_aggregation,190,193,sustained_high_TN
禄丰村,禄丰村,16,20,2024,5,2.62,0.8552220456974303,103.1103,24.5602,formal_2016_2024,[],E:\SPARROW\0_water_quality\data\preprocess\csv\禄丰村.csv,102.0,prepared_authoritative_station_csv,missing_section_code_and_raw_row_link,True,,6657,True,ordinary_internal,registered reach geometry; frozen river-domain eligibility,-1,registered_monthly_flux_weighted_baseline,month_only_unverified_aggregation,190,193,sustained_high_TN
禄丰村,禄丰村,16,20,2024,6,8.28,0.8552220456974303,103.1103,24.5602,formal_2016_2024,[],E:\SPARROW\0_water_quality\data\preprocess\csv\禄丰村.csv,103.0,prepared_authoritative_station_csv,missing_section_code_and_raw_row_link,True,,6658,True,ordinary_internal,registered reach geometry; frozen river-domain eligibility,-1,registered_monthly_flux_weighted_baseline,month_only_unverified_aggregation,190,193,sustained_high_TN
禄丰村,禄丰村,16,20,2024,7,6.71,0.8552220456974303,103.1103,24.5602,formal_2016_2024,[],E:\SPARROW\0_water_quality\data\preprocess\csv\禄丰村.csv,104.0,prepared_authoritative_station_csv,missing_section_code_and_raw_row_link,True,,6659,True,ordinary_internal,registered reach geometry; frozen river-domain eligibility,-1,registered_monthly_flux_weighted_baseline,month_only_unverified_aggregation,190,193,sustained_high_TN
禄丰村,禄丰村,16,20,2024,8,6.39,0.8552220456974303,103.1103,24.5602,formal_2016_2024,[],E:\SPARROW\0_water_quality\data\preprocess\csv\禄丰村.csv,105.0,prepared_authoritative_station_csv,missing_section_code_and_raw_row_link,True,,6660,True,ordinary_internal,registered reach geometry; frozen river-domain eligibility,-1,registered_monthly_flux_weighted_baseline,month_only_unverified_aggregation,190,193,sustained_high_TN
禄丰村,禄丰村,16,20,2024,9,5.0,0.8552220456974303,103.1103,24.5602,formal_2016_2024,[],E:\SPARROW\0_water_quality\data\preprocess\csv\禄丰村.csv,106.0,prepared_authoritative_station_csv,missing_section_code_and_raw_row_link,True,,6661,True,ordinary_internal,registered reach geometry; frozen river-domain eligibility,-1,registered_monthly_flux_weighted_baseline,month_only_unverified_aggregation,190,193,sustained_high_TN
禄丰村,禄丰村,16,20,2024,10,6.02,0.8552220456974303,103.1103,24.5602,formal_2016_2024,[],E:\SPARROW\0_water_quality\data\preprocess\csv\禄丰村.csv,107.0,prepared_authoritative_station_csv,missing_section_code_and_raw_row_link,True,,6662,True,ordinary_internal,registered reach geometry; frozen river-domain eligibility,-1,registered_monthly_flux_weighted_baseline,month_only_unverified_aggregation,190,193,sustained_high_TN
禄丰村,禄丰村,16,20,2024,11,4.97,0.8552220456974303,103.1103,24.5602,formal_2016_2024,[],E:\SPARROW\0_water_quality\data\preprocess\csv\禄丰村.csv,108.0,prepared_authoritative_station_csv,missing_section_code_and_raw_row_link,True,,6663,True,ordinary_internal,registered reach geometry; frozen river-domain eligibility,-1,registered_monthly_flux_weighted_baseline,month_only_unverified_aggregation,190,193,sustained_high_TN
禄丰村,禄丰村,16,20,2024,12,4.43,0.8552220456974303,103.1103,24.5602,formal_2016_2024,[],E:\SPARROW\0_water_quality\data\preprocess\csv\禄丰村.csv,109.0,prepared_authoritative_station_csv,missing_section_code_and_raw_row_link,True,,6664,True,ordinary_internal,registered reach geometry; frozen river-domain eligibility,-1,registered_monthly_flux_weighted_baseline,month_only_unverified_aggregation,190,193,sustained_high_TN
老鹰坡,老鹰坡,29,20,2024,1,9.23,0.18856577085355294,105.5104,26.157,formal_2016_2024,[],E:\SPARROW\0_water_quality\data\preprocess\csv\老鹰坡.csv,98.0,prepared_authoritative_station_csv,missing_section_code_and_raw_row_link,True,,6949,True,ordinary_internal,registered reach geometry; frozen river-domain eligibility,-1,registered_monthly_flux_weighted_baseline,month_only_unverified_aggregation,225,225,sustained_high_TN
老鹰坡,老鹰坡,29,20,2024,2,7.83,0.18856577085355294,105.5104,26.157,formal_2016_2024,[],E:\SPARROW\0_water_quality\data\preprocess\csv\老鹰坡.csv,99.0,prepared_authoritative_station_csv,missing_section_code_and_raw_row_link,True,,6950,True,ordinary_internal,registered reach geometry; frozen river-domain eligibility,-1,registered_monthly_flux_weighted_baseline,month_only_unverified_aggregation,225,225,sustained_high_TN
老鹰坡,老鹰坡,29,20,2024,3,8.97,0.18856577085355294,105.5104,26.157,formal_2016_2024,[],E:\SPARROW\0_water_quality\data\preprocess\csv\老鹰坡.csv,100.0,prepared_authoritative_station_csv,missing_section_code_and_raw_row_link,True,,6951,True,ordinary_internal,registered reach geometry; frozen river-domain eligibility,-1,registered_monthly_flux_weighted_baseline,month_only_unverified_aggregation,225,225,sustained_high_TN
老鹰坡,老鹰坡,29,20,2024,4,2.56,0.18856577085355294,105.5104,26.157,formal_2016_2024,[],E:\SPARROW\0_water_quality\data\preprocess\csv\老鹰坡.csv,101.0,prepared_authoritative_station_csv,missing_section_code_and_raw_row_link,True,,6952,True,ordinary_internal,registered reach geometry; frozen river-domain eligibility,-1,registered_monthly_flux_weighted_baseline,month_only_unverified_aggregation,225,225,sustained_high_TN
老鹰坡,老鹰坡,29,20,2024,5,6.07,0.18856577085355294,105.5104,26.157,formal_2016_2024,[],E:\SPARROW\0_water_quality\data\preprocess\csv\老鹰坡.csv,102.0,prepared_authoritative_station_csv,missing_section_code_and_raw_row_link,True,,6953,True,ordinary_internal,registered reach geometry; frozen river-domain eligibility,-1,registered_monthly_flux_weighted_baseline,month_only_unverified_aggregation,225,225,sustained_high_TN
老鹰坡,老鹰坡,29,20,2024,6,6.67,0.18856577085355294,105.5104,26.157,formal_2016_2024,[],E:\SPARROW\0_water_quality\data\preprocess\csv\老鹰坡.csv,103.0,prepared_authoritative_station_csv,missing_section_code_and_raw_row_link,True,,6954,True,ordinary_internal,registered reach geometry; frozen river-domain eligibility,-1,registered_monthly_flux_weighted_baseline,month_only_unverified_aggregation,225,225,sustained_high_TN
老鹰坡,老鹰坡,29,20,2024,7,5.68,0.18856577085355294,105.5104,26.157,formal_2016_2024,[],E:\SPARROW\0_water_quality\data\preprocess\csv\老鹰坡.csv,104.0,prepared_authoritative_station_csv,missing_section_code_and_raw_row_link,True,,6955,True,ordinary_internal,registered reach geometry; frozen river-domain eligibility,-1,registered_monthly_flux_weighted_baseline,month_only_unverified_aggregation,225,225,sustained_high_TN
老鹰坡,老鹰坡,29,20,2024,8,5.1,0.18856577085355294,105.5104,26.157,formal_2016_2024,[],E:\SPARROW\0_water_quality\data\preprocess\csv\老鹰坡.csv,105.0,prepared_authoritative_station_csv,missing_section_code_and_raw_row_link,True,,6956,True,ordinary_internal,registered reach geometry; frozen river-domain eligibility,-1,registered_monthly_flux_weighted_baseline,month_only_unverified_aggregation,225,225,sustained_high_TN
老鹰坡,老鹰坡,29,20,2024,9,6.36,0.18856577085355294,105.5104,26.157,formal_2016_2024,[],E:\SPARROW\0_water_quality\data\preprocess\csv\老鹰坡.csv,106.0,prepared_authoritative_station_csv,missing_section_code_and_raw_row_link,True,,6957,True,ordinary_internal,registered reach geometry; frozen river-domain eligibility,-1,registered_monthly_flux_weighted_baseline,month_only_unverified_aggregation,225,225,sustained_high_TN
老鹰坡,老鹰坡,29,20,2024,10,5.41,0.18856577085355294,105.5104,26.157,formal_2016_2024,[],E:\SPARROW\0_water_quality\data\preprocess\csv\老鹰坡.csv,107.0,prepared_authoritative_station_csv,missing_section_code_and_raw_row_link,True,,6958,True,ordinary_internal,registered reach geometry; frozen river-domain eligibility,-1,registered_monthly_flux_weighted_baseline,month_only_unverified_aggregation,225,225,sustained_high_TN
老鹰坡,老鹰坡,29,20,2024,11,5.71,0.18856577085355294,105.5104,26.157,formal_2016_2024,[],E:\SPARROW\0_water_quality\data\preprocess\csv\老鹰坡.csv,108.0,prepared_authoritative_station_csv,missing_section_code_and_raw_row_link,True,,6959,True,ordinary_internal,registered reach geometry; frozen river-domain eligibility,-1,registered_monthly_flux_weighted_baseline,month_only_unverified_aggregation,225,225,sustained_high_TN
老鹰坡,老鹰坡,29,20,2024,12,5.81,0.18856577085355294,105.5104,26.157,formal_2016_2024,[],E:\SPARROW\0_water_quality\data\preprocess\csv\老鹰坡.csv,109.0,prepared_authoritative_station_csv,missing_section_code_and_raw_row_link,True,,6960,True,ordinary_internal,registered reach geometry; frozen river-domain eligibility,-1,registered_monthly_flux_weighted_baseline,month_only_unverified_aggregation,225,225,sustained_high_TN
赵家渡,赵家渡,20,20,2024,1,4.91,0.8178346548185792,104.9905,25.0478,formal_2016_2024,[],E:\SPARROW\0_water_quality\data\preprocess\csv\赵家渡.csv,98.0,prepared_authoritative_station_csv,missing_section_code_and_raw_row_link,True,,7701,True,ordinary_internal,registered reach geometry; frozen river-domain eligibility,-1,registered_monthly_flux_weighted_baseline,month_only_unverified_aggregation,198,198,sustained_high_TN
赵家渡,赵家渡,20,20,2024,2,4.76,0.8178346548185792,104.9905,25.0478,formal_2016_2024,[],E:\SPARROW\0_water_quality\data\preprocess\csv\赵家渡.csv,99.0,prepared_authoritative_station_csv,missing_section_code_and_raw_row_link,True,,7702,True,ordinary_internal,registered reach geometry; frozen river-domain eligibility,-1,registered_monthly_flux_weighted_baseline,month_only_unverified_aggregation,198,198,sustained_high_TN
赵家渡,赵家渡,20,20,2024,3,4.81,0.8178346548185792,104.9905,25.0478,formal_2016_2024,[],E:\SPARROW\0_water_quality\data\preprocess\csv\赵家渡.csv,100.0,prepared_authoritative_station_csv,missing_section_code_and_raw_row_link,True,,7703,True,ordinary_internal,registered reach geometry; frozen river-domain eligibility,-1,registered_monthly_flux_weighted_baseline,month_only_unverified_aggregation,198,198,sustained_high_TN
赵家渡,赵家渡,20,20,2024,4,4.66,0.8178346548185792,104.9905,25.0478,formal_2016_2024,[],E:\SPARROW\0_water_quality\data\preprocess\csv\赵家渡.csv,101.0,prepared_authoritative_station_csv,missing_section_code_and_raw_row_link,True,,7704,True,ordinary_internal,registered reach geometry; frozen river-domain eligibility,-1,registered_monthly_flux_weighted_baseline,month_only_unverified_aggregation,198,198,sustained_high_TN
赵家渡,赵家渡,20,20,2024,5,4.13,0.8178346548185792,104.9905,25.0478,formal_2016_2024,[],E:\SPARROW\0_water_quality\data\preprocess\csv\赵家渡.csv,102.0,prepared_authoritative_station_csv,missing_section_code_and_raw_row_link,True,,7705,True,ordinary_internal,registered reach geometry; frozen river-domain eligibility,-1,registered_monthly_flux_weighted_baseline,month_only_unverified_aggregation,198,198,sustained_high_TN
赵家渡,赵家渡,20,20,2024,6,4.78,0.8178346548185792,104.9905,25.0478,formal_2016_2024,[],E:\SPARROW\0_water_quality\data\preprocess\csv\赵家渡.csv,103.0,prepared_authoritative_station_csv,missing_section_code_and_raw_row_link,True,,7706,True,ordinary_internal,registered reach geometry; frozen river-domain eligibility,-1,registered_monthly_flux_weighted_baseline,month_only_unverified_aggregation,198,198,sustained_high_TN
赵家渡,赵家渡,20,20,2024,7,4.92,0.8178346548185792,104.9905,25.0478,formal_2016_2024,[],E:\SPARROW\0_water_quality\data\preprocess\csv\赵家渡.csv,104.0,prepared_authoritative_station_csv,missing_section_code_and_raw_row_link,True,,7707,True,ordinary_internal,registered reach geometry; frozen river-domain eligibility,-1,registered_monthly_flux_weighted_baseline,month_only_unverified_aggregation,198,198,sustained_high_TN
赵家渡,赵家渡,20,20,2024,8,4.55,0.8178346548185792,104.9905,25.0478,formal_2016_2024,[],E:\SPARROW\0_water_quality\data\preprocess\csv\赵家渡.csv,105.0,prepared_authoritative_station_csv,missing_section_code_and_raw_row_link,True,,7708,True,ordinary_internal,registered reach geometry; frozen river-domain eligibility,-1,registered_monthly_flux_weighted_baseline,month_only_unverified_aggregation,198,198,sustained_high_TN
赵家渡,赵家渡,20,20,2024,9,4.51,0.8178346548185792,104.9905,25.0478,formal_2016_2024,[],E:\SPARROW\0_water_quality\data\preprocess\csv\赵家渡.csv,106.0,prepared_authoritative_station_csv,missing_section_code_and_raw_row_link,True,,7709,True,ordinary_internal,registered reach geometry; frozen river-domain eligibility,-1,registered_monthly_flux_weighted_baseline,month_only_unverified_aggregation,198,198,sustained_high_TN
赵家渡,赵家渡,20,20,2024,10,4.24,0.8178346548185792,104.9905,25.0478,formal_2016_2024,[],E:\SPARROW\0_water_quality\data\preprocess\csv\赵家渡.csv,107.0,prepared_authoritative_station_csv,missing_section_code_and_raw_row_link,True,,7710,True,ordinary_internal,registered reach geometry; frozen river-domain eligibility,-1,registered_monthly_flux_weighted_baseline,month_only_unverified_aggregation,198,198,sustained_high_TN
赵家渡,赵家渡,20,20,2024,11,4.55,0.8178346548185792,104.9905,25.0478,formal_2016_2024,[],E:\SPARROW\0_water_quality\data\preprocess\csv\赵家渡.csv,108.0,prepared_authoritative_station_csv,missing_section_code_and_raw_row_link,True,,7711,True,ordinary_internal,registered reach geometry; frozen river-domain eligibility,-1,registered_monthly_flux_weighted_baseline,month_only_unverified_aggregation,198,198,sustained_high_TN
赵家渡,赵家渡,20,20,2024,12,4.74,0.8178346548185792,104.9905,25.0478,formal_2016_2024,[],E:\SPARROW\0_water_quality\data\preprocess\csv\赵家渡.csv,109.0,prepared_authoritative_station_csv,missing_section_code_and_raw_row_link,True,,7712,True,ordinary_internal,registered reach geometry; frozen river-domain eligibility,-1,registered_monthly_flux_weighted_baseline,month_only_unverified_aggregation,198,198,sustained_high_TN
边外河,边外河,27,212,2024,1,1.42,0.42690538670709743,106.5798,25.427,formal_2016_2024,[],E:\SPARROW\0_water_quality\data\preprocess\csv\边外河.csv,98.0,prepared_authoritative_station_csv,missing_section_code_and_raw_row_link,True,,7938,True,ordinary_internal,registered reach geometry; frozen river-domain eligibility,-1,registered_monthly_flux_weighted_baseline,month_only_unverified_aggregation,213,212,new_small_basins
边外河,边外河,27,212,2024,2,1.4,0.42690538670709743,106.5798,25.427,formal_2016_2024,[],E:\SPARROW\0_water_quality\data\preprocess\csv\边外河.csv,99.0,prepared_authoritative_station_csv,missing_section_code_and_raw_row_link,True,,7939,True,ordinary_internal,registered reach geometry; frozen river-domain eligibility,-1,registered_monthly_flux_weighted_baseline,month_only_unverified_aggregation,213,212,new_small_basins
边外河,边外河,27,212,2024,3,1.64,0.42690538670709743,106.5798,25.427,formal_2016_2024,[],E:\SPARROW\0_water_quality\data\preprocess\csv\边外河.csv,100.0,prepared_authoritative_station_csv,missing_section_code_and_raw_row_link,True,,7940,True,ordinary_internal,registered reach geometry; frozen river-domain eligibility,-1,registered_monthly_flux_weighted_baseline,month_only_unverified_aggregation,213,212,new_small_basins
边外河,边外河,27,212,2024,4,1.57,0.42690538670709743,106.5798,25.427,formal_2016_2024,[],E:\SPARROW\0_water_quality\data\preprocess\csv\边外河.csv,101.0,prepared_authoritative_station_csv,missing_section_code_and_raw_row_link,True,,7941,True,ordinary_internal,registered reach geometry; frozen river-domain eligibility,-1,registered_monthly_flux_weighted_baseline,month_only_unverified_aggregation,213,212,new_small_basins
边外河,边外河,27,212,2024,5,1.91,0.42690538670709743,106.5798,25.427,formal_2016_2024,[],E:\SPARROW\0_water_quality\data\preprocess\csv\边外河.csv,102.0,prepared_authoritative_station_csv,missing_section_code_and_raw_row_link,True,,7942,True,ordinary_internal,registered reach geometry; frozen river-domain eligibility,-1,registered_monthly_flux_weighted_baseline,month_only_unverified_aggregation,213,212,new_small_basins
边外河,边外河,27,212,2024,6,1.9,0.42690538670709743,106.5798,25.427,formal_2016_2024,[],E:\SPARROW\0_water_quality\data\preprocess\csv\边外河.csv,103.0,prepared_authoritative_station_csv,missing_section_code_and_raw_row_link,True,,7943,True,ordinary_internal,registered reach geometry; frozen river-domain eligibility,-1,registered_monthly_flux_weighted_baseline,month_only_unverified_aggregation,213,212,new_small_basins
边外河,边外河,27,212,2024,7,2.09,0.42690538670709743,106.5798,25.427,formal_2016_2024,[],E:\SPARROW\0_water_quality\data\preprocess\csv\边外河.csv,104.0,prepared_authoritative_station_csv,missing_section_code_and_raw_row_link,True,,7944,True,ordinary_internal,registered reach geometry; frozen river-domain eligibility,-1,registered_monthly_flux_weighted_baseline,month_only_unverified_aggregation,213,212,new_small_basins
边外河,边外河,27,212,2024,8,1.88,0.42690538670709743,106.5798,25.427,formal_2016_2024,[],E:\SPARROW\0_water_quality\data\preprocess\csv\边外河.csv,105.0,prepared_authoritative_station_csv,missing_section_code_and_raw_row_link,True,,7945,True,ordinary_internal,registered reach geometry; frozen river-domain eligibility,-1,registered_monthly_flux_weighted_baseline,month_only_unverified_aggregation,213,212,new_small_basins
边外河,边外河,27,212,2024,9,1.72,0.42690538670709743,106.5798,25.427,formal_2016_2024,[],E:\SPARROW\0_water_quality\data\preprocess\csv\边外河.csv,106.0,prepared_authoritative_station_csv,missing_section_code_and_raw_row_link,True,,7946,True,ordinary_internal,registered reach geometry; frozen river-domain eligibility,-1,registered_monthly_flux_weighted_baseline,month_only_unverified_aggregation,213,212,new_small_basins
边外河,边外河,27,212,2024,10,1.57,0.42690538670709743,106.5798,25.427,formal_2016_2024,[],E:\SPARROW\0_water_quality\data\preprocess\csv\边外河.csv,107.0,prepared_authoritative_station_csv,missing_section_code_and_raw_row_link,True,,7947,True,ordinary_internal,registered reach geometry; frozen river-domain eligibility,-1,registered_monthly_flux_weighted_baseline,month_only_unverified_aggregation,213,212,new_small_basins
边外河,边外河,27,212,2024,11,1.75,0.42690538670709743,106.5798,25.427,formal_2016_2024,[],E:\SPARROW\0_water_quality\data\preprocess\csv\边外河.csv,108.0,prepared_authoritative_station_csv,missing_section_code_and_raw_row_link,True,,7948,True,ordinary_internal,registered reach geometry; frozen river-domain eligibility,-1,registered_monthly_flux_weighted_baseline,month_only_unverified_aggregation,213,212,new_small_basins
边外河,边外河,27,212,2024,12,1.68,0.42690538670709743,106.5798,25.427,formal_2016_2024,[],E:\SPARROW\0_water_quality\data\preprocess\csv\边外河.csv,109.0,prepared_authoritative_station_csv,missing_section_code_and_raw_row_link,True,,7949,True,ordinary_internal,registered reach geometry; frozen river-domain eligibility,-1,registered_monthly_flux_weighted_baseline,month_only_unverified_aggregation,213,212,new_small_basins
那弄,那弄,6,20,2024,1,0.86,0.521807327329023,107.6471,22.1174,formal_2016_2024,[],E:\SPARROW\0_water_quality\data\preprocess\csv\那弄.csv,98.0,prepared_authoritative_station_csv,missing_section_code_and_raw_row_link,True,,8173,True,ordinary_internal,registered reach geometry; frozen river-domain eligibility,-1,registered_monthly_flux_weighted_baseline,month_only_unverified_aggregation,107,113,Mianjiang_extreme
那弄,那弄,6,20,2024,2,0.72,0.521807327329023,107.6471,22.1174,formal_2016_2024,[],E:\SPARROW\0_water_quality\data\preprocess\csv\那弄.csv,99.0,prepared_authoritative_station_csv,missing_section_code_and_raw_row_link,True,,8174,True,ordinary_internal,registered reach geometry; frozen river-domain eligibility,-1,registered_monthly_flux_weighted_baseline,month_only_unverified_aggregation,107,113,Mianjiang_extreme
那弄,那弄,6,20,2024,3,0.9,0.521807327329023,107.6471,22.1174,formal_2016_2024,[],E:\SPARROW\0_water_quality\data\preprocess\csv\那弄.csv,100.0,prepared_authoritative_station_csv,missing_section_code_and_raw_row_link,True,,8175,True,ordinary_internal,registered reach geometry; frozen river-domain eligibility,-1,registered_monthly_flux_weighted_baseline,month_only_unverified_aggregation,107,113,Mianjiang_extreme
那弄,那弄,6,20,2024,4,0.71,0.521807327329023,107.6471,22.1174,formal_2016_2024,[],E:\SPARROW\0_water_quality\data\preprocess\csv\那弄.csv,101.0,prepared_authoritative_station_csv,missing_section_code_and_raw_row_link,True,,8176,True,ordinary_internal,registered reach geometry; frozen river-domain eligibility,-1,registered_monthly_flux_weighted_baseline,month_only_unverified_aggregation,107,113,Mianjiang_extreme
那弄,那弄,6,20,2024,5,2.32,0.521807327329023,107.6471,22.1174,formal_2016_2024,[],E:\SPARROW\0_water_quality\data\preprocess\csv\那弄.csv,102.0,prepared_authoritative_station_csv,missing_section_code_and_raw_row_link,True,,8177,True,ordinary_internal,registered reach geometry; frozen river-domain eligibility,-1,registered_monthly_flux_weighted_baseline,month_only_unverified_aggregation,107,113,Mianjiang_extreme
那弄,那弄,6,20,2024,6,2.99,0.521807327329023,107.6471,22.1174,formal_2016_2024,[],E:\SPARROW\0_water_quality\data\preprocess\csv\那弄.csv,103.0,prepared_authoritative_station_csv,missing_section_code_and_raw_row_link,True,,8178,True,ordinary_internal,registered reach geometry; frozen river-domain eligibility,-1,registered_monthly_flux_weighted_baseline,month_only_unverified_aggregation,107,113,Mianjiang_extreme
那弄,那弄,6,20,2024,7,2.13,0.521807327329023,107.6471,22.1174,formal_2016_2024,[],E:\SPARROW\0_water_quality\data\preprocess\csv\那弄.csv,104.0,prepared_authoritative_station_csv,missing_section_code_and_raw_row_link,True,,8179,True,ordinary_internal,registered reach geometry; frozen river-domain eligibility,-1,registered_monthly_flux_weighted_baseline,month_only_unverified_aggregation,107,113,Mianjiang_extreme
那弄,那弄,6,20,2024,8,0.83,0.521807327329023,107.6471,22.1174,formal_2016_2024,[],E:\SPARROW\0_water_quality\data\preprocess\csv\那弄.csv,105.0,prepared_authoritative_station_csv,missing_section_code_and_raw_row_link,True,,8180,True,ordinary_internal,registered reach geometry; frozen river-domain eligibility,-1,registered_monthly_flux_weighted_baseline,month_only_unverified_aggregation,107,113,Mianjiang_extreme
那弄,那弄,6,20,2024,9,1.83,0.521807327329023,107.6471,22.1174,formal_2016_2024,[],E:\SPARROW\0_water_quality\data\preprocess\csv\那弄.csv,106.0,prepared_authoritative_station_csv,missing_section_code_and_raw_row_link,True,,8181,True,ordinary_internal,registered reach geometry; frozen river-domain eligibility,-1,registered_monthly_flux_weighted_baseline,month_only_unverified_aggregation,107,113,Mianjiang_extreme
那弄,那弄,6,20,2024,10,1.39,0.521807327329023,107.6471,22.1174,formal_2016_2024,[],E:\SPARROW\0_water_quality\data\preprocess\csv\那弄.csv,107.0,prepared_authoritative_station_csv,missing_section_code_and_raw_row_link,True,,8182,True,ordinary_internal,registered reach geometry; frozen river-domain eligibility,-1,registered_monthly_flux_weighted_baseline,month_only_unverified_aggregation,107,113,Mianjiang_extreme
那弄,那弄,6,20,2024,11,1.11,0.521807327329023,107.6471,22.1174,formal_2016_2024,[],E:\SPARROW\0_water_quality\data\preprocess\csv\那弄.csv,108.0,prepared_authoritative_station_csv,missing_section_code_and_raw_row_link,True,,8183,True,ordinary_internal,registered reach geometry; frozen river-domain eligibility,-1,registered_monthly_flux_weighted_baseline,month_only_unverified_aggregation,107,113,Mianjiang_extreme
那弄,那弄,6,20,2024,12,1.11,0.521807327329023,107.6471,22.1174,formal_2016_2024,[],E:\SPARROW\0_water_quality\data\preprocess\csv\那弄.csv,109.0,prepared_authoritative_station_csv,missing_section_code_and_raw_row_link,True,,8184,True,ordinary_internal,registered reach geometry; frozen river-domain eligibility,-1,registered_monthly_flux_weighted_baseline,month_only_unverified_aggregation,107,113,Mianjiang_extreme
锁龙桥,锁龙桥,15,20,2024,1,3.08,0.9040627435704163,103.375,23.9682,formal_2016_2024,[],E:\SPARROW\0_water_quality\data\preprocess\csv\锁龙桥.csv,98.0,prepared_authoritative_station_csv,missing_section_code_and_raw_row_link,True,,8412,True,ordinary_internal,registered reach geometry; frozen river-domain eligibility,-1,registered_monthly_flux_weighted_baseline,month_only_unverified_aggregation,161,193,sustained_high_TN
锁龙桥,锁龙桥,15,20,2024,2,4.29,0.9040627435704163,103.375,23.9682,formal_2016_2024,[],E:\SPARROW\0_water_quality\data\preprocess\csv\锁龙桥.csv,99.0,prepared_authoritative_station_csv,missing_section_code_and_raw_row_link,True,,8413,True,ordinary_internal,registered reach geometry; frozen river-domain eligibility,-1,registered_monthly_flux_weighted_baseline,month_only_unverified_aggregation,161,193,sustained_high_TN
锁龙桥,锁龙桥,15,20,2024,3,2.88,0.9040627435704163,103.375,23.9682,formal_2016_2024,[],E:\SPARROW\0_water_quality\data\preprocess\csv\锁龙桥.csv,100.0,prepared_authoritative_station_csv,missing_section_code_and_raw_row_link,True,,8414,True,ordinary_internal,registered reach geometry; frozen river-domain eligibility,-1,registered_monthly_flux_weighted_baseline,month_only_unverified_aggregation,161,193,sustained_high_TN
锁龙桥,锁龙桥,15,20,2024,4,2.99,0.9040627435704163,103.375,23.9682,formal_2016_2024,[],E:\SPARROW\0_water_quality\data\preprocess\csv\锁龙桥.csv,101.0,prepared_authoritative_station_csv,missing_section_code_and_raw_row_link,True,,8415,True,ordinary_internal,registered reach geometry; frozen river-domain eligibility,-1,registered_monthly_flux_weighted_baseline,month_only_unverified_aggregation,161,193,sustained_high_TN
锁龙桥,锁龙桥,15,20,2024,5,5.44,0.9040627435704163,103.375,23.9682,formal_2016_2024,[],E:\SPARROW\0_water_quality\data\preprocess\csv\锁龙桥.csv,102.0,prepared_authoritative_station_csv,missing_section_code_and_raw_row_link,True,,8416,True,ordinary_internal,registered reach geometry; frozen river-domain eligibility,-1,registered_monthly_flux_weighted_baseline,month_only_unverified_aggregation,161,193,sustained_high_TN
锁龙桥,锁龙桥,15,20,2024,6,8.7,0.9040627435704163,103.375,23.9682,formal_2016_2024,[],E:\SPARROW\0_water_quality\data\preprocess\csv\锁龙桥.csv,103.0,prepared_authoritative_station_csv,missing_section_code_and_raw_row_link,True,,8417,True,ordinary_internal,registered reach geometry; frozen river-domain eligibility,-1,registered_monthly_flux_weighted_baseline,month_only_unverified_aggregation,161,193,sustained_high_TN
锁龙桥,锁龙桥,15,20,2024,7,4.99,0.9040627435704163,103.375,23.9682,formal_2016_2024,[],E:\SPARROW\0_water_quality\data\preprocess\csv\锁龙桥.csv,104.0,prepared_authoritative_station_csv,missing_section_code_and_raw_row_link,True,,8418,True,ordinary_internal,registered reach geometry; frozen river-domain eligibility,-1,registered_monthly_flux_weighted_baseline,month_only_unverified_aggregation,161,193,sustained_high_TN
锁龙桥,锁龙桥,15,20,2024,8,4.83,0.9040627435704163,103.375,23.9682,formal_2016_2024,[],E:\SPARROW\0_water_quality\data\preprocess\csv\锁龙桥.csv,105.0,prepared_authoritative_station_csv,missing_section_code_and_raw_row_link,True,,8419,True,ordinary_internal,registered reach geometry; frozen river-domain eligibility,-1,registered_monthly_flux_weighted_baseline,month_only_unverified_aggregation,161,193,sustained_high_TN
锁龙桥,锁龙桥,15,20,2024,9,5.66,0.9040627435704163,103.375,23.9682,formal_2016_2024,[],E:\SPARROW\0_water_quality\data\preprocess\csv\锁龙桥.csv,106.0,prepared_authoritative_station_csv,missing_section_code_and_raw_row_link,True,,8420,True,ordinary_internal,registered reach geometry; frozen river-domain eligibility,-1,registered_monthly_flux_weighted_baseline,month_only_unverified_aggregation,161,193,sustained_high_TN
锁龙桥,锁龙桥,15,20,2024,10,5.7,0.9040627435704163,103.375,23.9682,formal_2016_2024,[],E:\SPARROW\0_water_quality\data\preprocess\csv\锁龙桥.csv,107.0,prepared_authoritative_station_csv,missing_section_code_and_raw_row_link,True,,8421,True,ordinary_internal,registered reach geometry; frozen river-domain eligibility,-1,registered_monthly_flux_weighted_baseline,month_only_unverified_aggregation,161,193,sustained_high_TN
锁龙桥,锁龙桥,15,20,2024,11,4.19,0.9040627435704163,103.375,23.9682,formal_2016_2024,[],E:\SPARROW\0_water_quality\data\preprocess\csv\锁龙桥.csv,108.0,prepared_authoritative_station_csv,missing_section_code_and_raw_row_link,True,,8422,True,ordinary_internal,registered reach geometry; frozen river-domain eligibility,-1,registered_monthly_flux_weighted_baseline,month_only_unverified_aggregation,161,193,sustained_high_TN
锁龙桥,锁龙桥,15,20,2024,12,4.02,0.9040627435704163,103.375,23.9682,formal_2016_2024,[],E:\SPARROW\0_water_quality\data\preprocess\csv\锁龙桥.csv,109.0,prepared_authoritative_station_csv,missing_section_code_and_raw_row_link,True,,8423,True,ordinary_internal,registered reach geometry; frozen river-domain eligibility,-1,registered_monthly_flux_weighted_baseline,month_only_unverified_aggregation,161,193,sustained_high_TN
长虹桥,长虹桥,18,20,2024,1,5.67,0.05706378911635322,103.2667,23.8158,formal_2016_2024,[],E:\SPARROW\0_water_quality\data\preprocess\csv\长虹桥.csv,98.0,prepared_authoritative_station_csv,missing_section_code_and_raw_row_link,True,,8662,True,ordinary_internal,registered reach geometry; frozen river-domain eligibility,-1,registered_monthly_flux_weighted_baseline,month_only_unverified_aggregation,192,193,sustained_high_TN
长虹桥,长虹桥,18,20,2024,2,4.68,0.05706378911635322,103.2667,23.8158,formal_2016_2024,[],E:\SPARROW\0_water_quality\data\preprocess\csv\长虹桥.csv,99.0,prepared_authoritative_station_csv,missing_section_code_and_raw_row_link,True,,8663,True,ordinary_internal,registered reach geometry; frozen river-domain eligibility,-1,registered_monthly_flux_weighted_baseline,month_only_unverified_aggregation,192,193,sustained_high_TN
长虹桥,长虹桥,18,20,2024,3,4.7,0.05706378911635322,103.2667,23.8158,formal_2016_2024,[],E:\SPARROW\0_water_quality\data\preprocess\csv\长虹桥.csv,100.0,prepared_authoritative_station_csv,missing_section_code_and_raw_row_link,True,,8664,True,ordinary_internal,registered reach geometry; frozen river-domain eligibility,-1,registered_monthly_flux_weighted_baseline,month_only_unverified_aggregation,192,193,sustained_high_TN
长虹桥,长虹桥,18,20,2024,4,4.2,0.05706378911635322,103.2667,23.8158,formal_2016_2024,[],E:\SPARROW\0_water_quality\data\preprocess\csv\长虹桥.csv,101.0,prepared_authoritative_station_csv,missing_section_code_and_raw_row_link,True,,8665,True,ordinary_internal,registered reach geometry; frozen river-domain eligibility,-1,registered_monthly_flux_weighted_baseline,month_only_unverified_aggregation,192,193,sustained_high_TN
长虹桥,长虹桥,18,20,2024,5,4.1,0.05706378911635322,103.2667,23.8158,formal_2016_2024,[],E:\SPARROW\0_water_quality\data\preprocess\csv\长虹桥.csv,102.0,prepared_authoritative_station_csv,missing_section_code_and_raw_row_link,True,,8666,True,ordinary_internal,registered reach geometry; frozen river-domain eligibility,-1,registered_monthly_flux_weighted_baseline,month_only_unverified_aggregation,192,193,sustained_high_TN
长虹桥,长虹桥,18,20,2024,6,7.52,0.05706378911635322,103.2667,23.8158,formal_2016_2024,[],E:\SPARROW\0_water_quality\data\preprocess\csv\长虹桥.csv,103.0,prepared_authoritative_station_csv,missing_section_code_and_raw_row_link,True,,8667,True,ordinary_internal,registered reach geometry; frozen river-domain eligibility,-1,registered_monthly_flux_weighted_baseline,month_only_unverified_aggregation,192,193,sustained_high_TN
长虹桥,长虹桥,18,20,2024,7,6.51,0.05706378911635322,103.2667,23.8158,formal_2016_2024,[],E:\SPARROW\0_water_quality\data\preprocess\csv\长虹桥.csv,104.0,prepared_authoritative_station_csv,missing_section_code_and_raw_row_link,True,,8668,True,ordinary_internal,registered reach geometry; frozen river-domain eligibility,-1,registered_monthly_flux_weighted_baseline,month_only_unverified_aggregation,192,193,sustained_high_TN
长虹桥,长虹桥,18,20,2024,8,6.57,0.05706378911635322,103.2667,23.8158,formal_2016_2024,[],E:\SPARROW\0_water_quality\data\preprocess\csv\长虹桥.csv,105.0,prepared_authoritative_station_csv,missing_section_code_and_raw_row_link,True,,8669,True,ordinary_internal,registered reach geometry; frozen river-domain eligibility,-1,registered_monthly_flux_weighted_baseline,month_only_unverified_aggregation,192,193,sustained_high_TN
长虹桥,长虹桥,18,20,2024,9,4.77,0.05706378911635322,103.2667,23.8158,formal_2016_2024,[],E:\SPARROW\0_water_quality\data\preprocess\csv\长虹桥.csv,106.0,prepared_authoritative_station_csv,missing_section_code_and_raw_row_link,True,,8670,True,ordinary_internal,registered reach geometry; frozen river-domain eligibility,-1,registered_monthly_flux_weighted_baseline,month_only_unverified_aggregation,192,193,sustained_high_TN
长虹桥,长虹桥,18,20,2024,10,5.02,0.05706378911635322,103.2667,23.8158,formal_2016_2024,[],E:\SPARROW\0_water_quality\data\preprocess\csv\长虹桥.csv,107.0,prepared_authoritative_station_csv,missing_section_code_and_raw_row_link,True,,8671,True,ordinary_internal,registered reach geometry; frozen river-domain eligibility,-1,registered_monthly_flux_weighted_baseline,month_only_unverified_aggregation,192,193,sustained_high_TN
长虹桥,长虹桥,18,20,2024,11,5.12,0.05706378911635322,103.2667,23.8158,formal_2016_2024,[],E:\SPARROW\0_water_quality\data\preprocess\csv\长虹桥.csv,108.0,prepared_authoritative_station_csv,missing_section_code_and_raw_row_link,True,,8672,True,ordinary_internal,registered reach geometry; frozen river-domain eligibility,-1,registered_monthly_flux_weighted_baseline,month_only_unverified_aggregation,192,193,sustained_high_TN
长虹桥,长虹桥,18,20,2024,12,5.23,0.05706378911635322,103.2667,23.8158,formal_2016_2024,[],E:\SPARROW\0_water_quality\data\preprocess\csv\长虹桥.csv,109.0,prepared_authoritative_station_csv,missing_section_code_and_raw_row_link,True,,8673,True,ordinary_internal,registered reach geometry; frozen river-domain eligibility,-1,registered_monthly_flux_weighted_baseline,month_only_unverified_aggregation,192,193,sustained_high_TN
青岩,青岩,21,212,2024,1,4.07,0.17573298346488517,106.7164,26.2953,formal_2016_2024,[],E:\SPARROW\0_water_quality\data\preprocess\csv\青岩.csv,98.0,prepared_authoritative_station_csv,missing_section_code_and_raw_row_link,True,,9066,True,ordinary_internal,registered reach geometry; frozen river-domain eligibility,-1,registered_monthly_flux_weighted_baseline,month_only_unverified_aggregation,214,212,new_small_basins
青岩,青岩,21,212,2024,2,2.79,0.17573298346488517,106.7164,26.2953,formal_2016_2024,[],E:\SPARROW\0_water_quality\data\preprocess\csv\青岩.csv,99.0,prepared_authoritative_station_csv,missing_section_code_and_raw_row_link,True,,9067,True,ordinary_internal,registered reach geometry; frozen river-domain eligibility,-1,registered_monthly_flux_weighted_baseline,month_only_unverified_aggregation,214,212,new_small_basins
青岩,青岩,21,212,2024,3,3.66,0.17573298346488517,106.7164,26.2953,formal_2016_2024,[],E:\SPARROW\0_water_quality\data\preprocess\csv\青岩.csv,100.0,prepared_authoritative_station_csv,missing_section_code_and_raw_row_link,True,,9068,True,ordinary_internal,registered reach geometry; frozen river-domain eligibility,-1,registered_monthly_flux_weighted_baseline,month_only_unverified_aggregation,214,212,new_small_basins
青岩,青岩,21,212,2024,4,3.28,0.17573298346488517,106.7164,26.2953,formal_2016_2024,[],E:\SPARROW\0_water_quality\data\preprocess\csv\青岩.csv,101.0,prepared_authoritative_station_csv,missing_section_code_and_raw_row_link,True,,9069,True,ordinary_internal,registered reach geometry; frozen river-domain eligibility,-1,registered_monthly_flux_weighted_baseline,month_only_unverified_aggregation,214,212,new_small_basins
青岩,青岩,21,212,2024,5,3.81,0.17573298346488517,106.7164,26.2953,formal_2016_2024,[],E:\SPARROW\0_water_quality\data\preprocess\csv\青岩.csv,102.0,prepared_authoritative_station_csv,missing_section_code_and_raw_row_link,True,,9070,True,ordinary_internal,registered reach geometry; frozen river-domain eligibility,-1,registered_monthly_flux_weighted_baseline,month_only_unverified_aggregation,214,212,new_small_basins
青岩,青岩,21,212,2024,6,3.29,0.17573298346488517,106.7164,26.2953,formal_2016_2024,[],E:\SPARROW\0_water_quality\data\preprocess\csv\青岩.csv,103.0,prepared_authoritative_station_csv,missing_section_code_and_raw_row_link,True,,9071,True,ordinary_internal,registered reach geometry; frozen river-domain eligibility,-1,registered_monthly_flux_weighted_baseline,month_only_unverified_aggregation,214,212,new_small_basins
青岩,青岩,21,212,2024,7,3.55,0.17573298346488517,106.7164,26.2953,formal_2016_2024,[],E:\SPARROW\0_water_quality\data\preprocess\csv\青岩.csv,104.0,prepared_authoritative_station_csv,missing_section_code_and_raw_row_link,True,,9072,True,ordinary_internal,registered reach geometry; frozen river-domain eligibility,-1,registered_monthly_flux_weighted_baseline,month_only_unverified_aggregation,214,212,new_small_basins
青岩,青岩,21,212,2024,8,3.6,0.17573298346488517,106.7164,26.2953,formal_2016_2024,[],E:\SPARROW\0_water_quality\data\preprocess\csv\青岩.csv,105.0,prepared_authoritative_station_csv,missing_section_code_and_raw_row_link,True,,9073,True,ordinary_internal,registered reach geometry; frozen river-domain eligibility,-1,registered_monthly_flux_weighted_baseline,month_only_unverified_aggregation,214,212,new_small_basins
青岩,青岩,21,212,2024,9,4.39,0.17573298346488517,106.7164,26.2953,formal_2016_2024,[],E:\SPARROW\0_water_quality\data\preprocess\csv\青岩.csv,106.0,prepared_authoritative_station_csv,missing_section_code_and_raw_row_link,True,,9074,True,ordinary_internal,registered reach geometry; frozen river-domain eligibility,-1,registered_monthly_flux_weighted_baseline,month_only_unverified_aggregation,214,212,new_small_basins
青岩,青岩,21,212,2024,10,4.3,0.17573298346488517,106.7164,26.2953,formal_2016_2024,[],E:\SPARROW\0_water_quality\data\preprocess\csv\青岩.csv,107.0,prepared_authoritative_station_csv,missing_section_code_and_raw_row_link,True,,9075,True,ordinary_internal,registered reach geometry; frozen river-domain eligibility,-1,registered_monthly_flux_weighted_baseline,month_only_unverified_aggregation,214,212,new_small_basins
青岩,青岩,21,212,2024,11,5.38,0.17573298346488517,106.7164,26.2953,formal_2016_2024,[],E:\SPARROW\0_water_quality\data\preprocess\csv\青岩.csv,108.0,prepared_authoritative_station_csv,missing_section_code_and_raw_row_link,True,,9076,True,ordinary_internal,registered reach geometry; frozen river-domain eligibility,-1,registered_monthly_flux_weighted_baseline,month_only_unverified_aggregation,214,212,new_small_basins
青岩,青岩,21,212,2024,12,4.32,0.17573298346488517,106.7164,26.2953,formal_2016_2024,[],E:\SPARROW\0_water_quality\data\preprocess\csv\青岩.csv,109.0,prepared_authoritative_station_csv,missing_section_code_and_raw_row_link,True,,9077,True,ordinary_internal,registered reach geometry; frozen river-domain eligibility,-1,registered_monthly_flux_weighted_baseline,month_only_unverified_aggregation,214,212,new_small_basins
顶换村,顶换村,24,217,2024,1,1.97,0.9966012857618269,106.9801,25.3701,formal_2016_2024,[],E:\SPARROW\0_water_quality\data\preprocess\csv\顶换村.csv,98.0,prepared_authoritative_station_csv,missing_section_code_and_raw_row_link,True,,9110,True,ordinary_internal,registered reach geometry; frozen river-domain eligibility,-1,registered_monthly_flux_weighted_baseline,month_only_unverified_aggregation,219,217,new_small_basins
顶换村,顶换村,24,217,2024,4,1.54,0.9966012857618269,106.9801,25.3701,formal_2016_2024,[],E:\SPARROW\0_water_quality\data\preprocess\csv\顶换村.csv,101.0,prepared_authoritative_station_csv,missing_section_code_and_raw_row_link,True,,9111,True,ordinary_internal,registered reach geometry; frozen river-domain eligibility,-1,registered_monthly_flux_weighted_baseline,month_only_unverified_aggregation,219,217,new_small_basins
顶换村,顶换村,24,217,2024,7,2.39,0.9966012857618269,106.9801,25.3701,formal_2016_2024,[],E:\SPARROW\0_water_quality\data\preprocess\csv\顶换村.csv,104.0,prepared_authoritative_station_csv,missing_section_code_and_raw_row_link,True,,9112,True,ordinary_internal,registered reach geometry; frozen river-domain eligibility,-1,registered_monthly_flux_weighted_baseline,month_only_unverified_aggregation,219,217,new_small_basins
顶换村,顶换村,24,217,2024,10,1.14,0.9966012857618269,106.9801,25.3701,formal_2016_2024,[],E:\SPARROW\0_water_quality\data\preprocess\csv\顶换村.csv,107.0,prepared_authoritative_station_csv,missing_section_code_and_raw_row_link,True,,9113,True,ordinary_internal,registered reach geometry; frozen river-domain eligibility,-1,registered_monthly_flux_weighted_baseline,month_only_unverified_aggregation,219,217,new_small_basins
黄果树,黄果树,29,20,2024,1,3.89,0.45455414143057554,105.6669,25.9942,formal_2016_2024,[],E:\SPARROW\0_water_quality\data\preprocess\csv\黄果树.csv,98.0,prepared_authoritative_station_csv,missing_section_code_and_raw_row_link,True,,9534,True,ordinary_internal,registered reach geometry; frozen river-domain eligibility,-1,registered_monthly_flux_weighted_baseline,month_only_unverified_aggregation,225,225,sustained_high_TN
黄果树,黄果树,29,20,2024,2,3.28,0.45455414143057554,105.6669,25.9942,formal_2016_2024,[],E:\SPARROW\0_water_quality\data\preprocess\csv\黄果树.csv,99.0,prepared_authoritative_station_csv,missing_section_code_and_raw_row_link,True,,9535,True,ordinary_internal,registered reach geometry; frozen river-domain eligibility,-1,registered_monthly_flux_weighted_baseline,month_only_unverified_aggregation,225,225,sustained_high_TN
黄果树,黄果树,29,20,2024,3,3.23,0.45455414143057554,105.6669,25.9942,formal_2016_2024,[],E:\SPARROW\0_water_quality\data\preprocess\csv\黄果树.csv,100.0,prepared_authoritative_station_csv,missing_section_code_and_raw_row_link,True,,9536,True,ordinary_internal,registered reach geometry; frozen river-domain eligibility,-1,registered_monthly_flux_weighted_baseline,month_only_unverified_aggregation,225,225,sustained_high_TN
黄果树,黄果树,29,20,2024,4,2.36,0.45455414143057554,105.6669,25.9942,formal_2016_2024,[],E:\SPARROW\0_water_quality\data\preprocess\csv\黄果树.csv,101.0,prepared_authoritative_station_csv,missing_section_code_and_raw_row_link,True,,9537,True,ordinary_internal,registered reach geometry; frozen river-domain eligibility,-1,registered_monthly_flux_weighted_baseline,month_only_unverified_aggregation,225,225,sustained_high_TN
黄果树,黄果树,29,20,2024,5,3.04,0.45455414143057554,105.6669,25.9942,formal_2016_2024,[],E:\SPARROW\0_water_quality\data\preprocess\csv\黄果树.csv,102.0,prepared_authoritative_station_csv,missing_section_code_and_raw_row_link,True,,9538,True,ordinary_internal,registered reach geometry; frozen river-domain eligibility,-1,registered_monthly_flux_weighted_baseline,month_only_unverified_aggregation,225,225,sustained_high_TN
黄果树,黄果树,29,20,2024,6,5.27,0.45455414143057554,105.6669,25.9942,formal_2016_2024,[],E:\SPARROW\0_water_quality\data\preprocess\csv\黄果树.csv,103.0,prepared_authoritative_station_csv,missing_section_code_and_raw_row_link,True,,9539,True,ordinary_internal,registered reach geometry; frozen river-domain eligibility,-1,registered_monthly_flux_weighted_baseline,month_only_unverified_aggregation,225,225,sustained_high_TN
黄果树,黄果树,29,20,2024,7,4.38,0.45455414143057554,105.6669,25.9942,formal_2016_2024,[],E:\SPARROW\0_water_quality\data\preprocess\csv\黄果树.csv,104.0,prepared_authoritative_station_csv,missing_section_code_and_raw_row_link,True,,9540,True,ordinary_internal,registered reach geometry; frozen river-domain eligibility,-1,registered_monthly_flux_weighted_baseline,month_only_unverified_aggregation,225,225,sustained_high_TN
黄果树,黄果树,29,20,2024,8,4.37,0.45455414143057554,105.6669,25.9942,formal_2016_2024,[],E:\SPARROW\0_water_quality\data\preprocess\csv\黄果树.csv,105.0,prepared_authoritative_station_csv,missing_section_code_and_raw_row_link,True,,9541,True,ordinary_internal,registered reach geometry; frozen river-domain eligibility,-1,registered_monthly_flux_weighted_baseline,month_only_unverified_aggregation,225,225,sustained_high_TN
黄果树,黄果树,29,20,2024,9,4.07,0.45455414143057554,105.6669,25.9942,formal_2016_2024,[],E:\SPARROW\0_water_quality\data\preprocess\csv\黄果树.csv,106.0,prepared_authoritative_station_csv,missing_section_code_and_raw_row_link,True,,9542,True,ordinary_internal,registered reach geometry; frozen river-domain eligibility,-1,registered_monthly_flux_weighted_baseline,month_only_unverified_aggregation,225,225,sustained_high_TN
黄果树,黄果树,29,20,2024,10,4.89,0.45455414143057554,105.6669,25.9942,formal_2016_2024,[],E:\SPARROW\0_water_quality\data\preprocess\csv\黄果树.csv,107.0,prepared_authoritative_station_csv,missing_section_code_and_raw_row_link,True,,9543,True,ordinary_internal,registered reach geometry; frozen river-domain eligibility,-1,registered_monthly_flux_weighted_baseline,month_only_unverified_aggregation,225,225,sustained_high_TN
黄果树,黄果树,29,20,2024,11,4.16,0.45455414143057554,105.6669,25.9942,formal_2016_2024,[],E:\SPARROW\0_water_quality\data\preprocess\csv\黄果树.csv,108.0,prepared_authoritative_station_csv,missing_section_code_and_raw_row_link,True,,9544,True,ordinary_internal,registered reach geometry; frozen river-domain eligibility,-1,registered_monthly_flux_weighted_baseline,month_only_unverified_aggregation,225,225,sustained_high_TN
黄果树,黄果树,29,20,2024,12,4.05,0.45455414143057554,105.6669,25.9942,formal_2016_2024,[],E:\SPARROW\0_water_quality\data\preprocess\csv\黄果树.csv,109.0,prepared_authoritative_station_csv,missing_section_code_and_raw_row_link,True,,9545,True,ordinary_internal,registered reach geometry; frozen river-domain eligibility,-1,registered_monthly_flux_weighted_baseline,month_only_unverified_aggregation,225,225,sustained_high_TN
